-10.0 -10.0 0.07070980527467927
-9.97997997997998 -9.97997997997998 0.07083322078531662
-9.95995995995996 -9.95995995995996 0.07090024202833113
-9.93993993993994 -9.93993993993994 0.07091058877690701
-9.91991991991992 -9.91991991991992 0.07086402427794518
-9.8998998998999 -9.8998998998999 0.07076035560619288
-9.87987987987988 -9.87987987987988 0.0705994339859394
-9.85985985985986 -9.85985985985986 0.07038115507991484
-9.83983983983984 -9.83983983983984 0.07010545924505338
-9.81981981981982 -9.81981981981982 0.06977233175480524
-9.7997997997998 -9.7997997997998 0.06938180298770692
-9.77977977977978 -9.77977977977978 0.06893394858194252
-9.75975975975976 -9.75975975975976 0.0684288895556554
-9.73973973973974 -9.73973973973974 0.06786679239279277
-9.71971971971972 -9.71971971971972 0.0672478690942924
-9.6996996996997 -9.6996996996997 0.06657237719444532
-9.67967967967968 -9.67967967967968 0.06584061974229524
-9.65965965965966 -9.65965965965966 0.06505294524795929
-9.63963963963964 -9.63963963963964 0.06420974759378344
-9.61961961961962 -9.61961961961962 0.06331146591027015
-9.5995995995996 -9.5995995995996 0.062358584416742815
-9.57957957957958 -9.57957957957958 0.061351632226738124
-9.55955955955956 -9.55955955955956 0.060291183118144485
-9.53953953953954 -9.53953953953954 0.0591778552681304
-9.51951951951952 -9.51951951951952 0.05801231095293379
-9.4994994994995 -9.4994994994995 0.05679525621261
-9.47947947947948 -9.47947947947948 0.05552744048086355
-9.45945945945946 -9.45945945945946 0.054209656180114404
-9.43943943943944 -9.43943943943944 0.052842738281976664
-9.41941941941942 -9.41941941941942 0.05142756383335424
-9.3993993993994 -9.3993993993994 0.049965051448385936
-9.37937937937938 -9.37937937937938 0.048456160766495504
-9.35935935935936 -9.35935935935936 0.046901891876832996
-9.33933933933934 -9.33933933933934 0.04530328470941704
-9.31931931931932 -9.31931931931932 0.04366141839331355
-9.2992992992993 -9.2992992992993 0.041977410582215935
-9.27927927927928 -9.27927927927928 0.040252416747812075
-9.25925925925926 -9.25925925925926 0.03848762944135526
-9.23923923923924 -9.23923923923924 0.03668427752387496
-9.21921921921922 -9.21921921921922 0.03484362536549535
-9.1991991991992 -9.1991991991992 0.03296697201434726
-9.17917917917918 -9.17917917917918 0.031055650335590882
-9.15915915915916 -9.15915915915916 0.029111026121083808
-9.13913913913914 -9.13913913913914 0.02713449717025989
-9.11911911911912 -9.11911911911912 0.02512749234280092
-9.0990990990991 -9.0990990990991 0.02309147058371372
-9.07907907907908 -9.07907907907908 0.02102791992144055
-9.05905905905906 -9.05905905905906 0.018938356439660162
-9.03903903903904 -9.03903903903904 0.01682432322345425
-9.01901901901902 -9.01901901901902 0.01468738928053686
-8.998998998999 -8.998998998999 0.01252914843826604
-8.97897897897898 -8.97897897897898 0.010351218217179025
-8.95895895895896 -8.95895895895896 0.008155238681807552
-8.93893893893894 -8.93893893893894 0.005942871269557158
-8.91891891891892 -8.91891891891892 0.003715797598445053
-8.8988988988989 -8.8988988988989 0.0014757182545185636
-8.87887887887888 -8.87887887887888 -0.0007756484402145382
-8.85885885885886 -8.85885885885886 -0.0030365676784860113
-8.83883883883884 -8.83883883883884 -0.005305289436231572
-8.81881881881882 -8.81881881881882 -0.0075800497579284936
-8.7987987987988 -8.7987987987988 -0.009859072057908308
-8.77877877877878 -8.77877877877878 -0.012140568436722295
-8.75875875875876 -8.75875875875876 -0.014422741011631934
-8.73873873873874 -8.73873873873874 -0.016703783260273466
-8.71871871871872 -8.71871871871872 -0.018981881376541585
-8.6986986986987 -8.6986986986987 -0.021255215637715485
-8.67867867867868 -8.67867867867868 -0.023521961781847713
-8.65865865865866 -8.65865865865866 -0.025780292394415948
-8.63863863863864 -8.63863863863864 -0.028028378303236193
-8.618618618618619 -8.618618618618619 -0.03026438998061807
-8.598598598598599 -8.598598598598599 -0.032486498951738954
-8.578578578578579 -8.578578578578579 -0.03469287920820412
-8.558558558558559 -8.558558558558559 -0.03688170862575149
-8.538538538538539 -8.538538538538539 -0.039051170385051764
-8.518518518518519 -8.518518518518519 -0.04119945439455315
-8.498498498498499 -8.498498498498499 -0.04332475871430801
-8.478478478478479 -8.478478478478479 -0.04542529097971898
-8.458458458458459 -8.458458458458459 -0.04749926982413694
-8.438438438438439 -8.438438438438439 -0.04954492629923932
-8.418418418418419 -8.418418418418419 -0.05156050529211482
-8.398398398398399 -8.398398398398399 -0.05354426693798043
-8.378378378378379 -8.378378378378379 -0.055494488027455206
-8.358358358358359 -8.358358358358359 -0.057409463407315155
-8.338338338338339 -8.338338338338339 -0.05928750737365352
-8.318318318318319 -8.318318318318319 -0.06112695505637414
-8.298298298298299 -8.298298298298299 -0.06292616379394808
-8.278278278278279 -8.278278278278279 -0.06468351449736344
-8.258258258258259 -8.258258258258259 -0.06639741300220749
-8.238238238238239 -8.238238238238239 -0.06806629140782125
-8.218218218218219 -8.218218218218219 -0.06968860940247244
-8.198198198198199 -8.198198198198199 -0.07126285557350259
-8.178178178178179 -8.178178178178179 -0.07278754870140604
-8.158158158158159 -8.158158158158159 -0.0742612390368107
-8.138138138138139 -8.138138138138139 -0.07568250955933824
-8.118118118118119 -8.118118118118119 -0.07704997721732842
-8.098098098098099 -8.098098098098099 -0.07836229414742703
-8.078078078078079 -8.078078078078079 -0.07961814887304293
-8.058058058058059 -8.058058058058059 -0.08081626748069681
-8.038038038038039 -8.038038038038039 -0.08195541477329125
-8.018018018018019 -8.018018018018019 -0.0830343953993508
-7.997997997997998 -7.997997997997998 -0.08405205495728962
-7.977977977977978 -7.977977977977978 -0.08500728107378244
-7.957957957957958 -7.957957957957958 -0.08589900445532984
-7.937937937937938 -7.937937937937938 -0.08672619991212299
-7.917917917917918 -7.917917917917918 -0.08748788735333214
-7.897897897897898 -7.897897897897898 -0.08818313275295984
-7.877877877877878 -7.877877877877878 -0.08881104908541912
-7.857857857857858 -7.857857857857858 -0.08937079723001375
-7.837837837837838 -7.837837837837838 -0.08986158684352076
-7.817817817817818 -7.817817817817818 -0.09028267720009202
-7.797797797797798 -7.797797797797798 -0.09063337799771594
-7.777777777777778 -7.777777777777778 -0.09091305013049959
-7.757757757757758 -7.757757757757758 -0.09112110642605531
-7.737737737737738 -7.737737737737738 -0.09125701234729755
-7.717717717717718 -7.717717717717718 -0.09132028665798027
-7.697697697697698 -7.697697697697698 -0.09131050205132782
-7.677677677677678 -7.677677677677678 -0.09122728574113814
-7.657657657657658 -7.657657657657658 -0.09107032001476117
-7.637637637637638 -7.637637637637638 -0.09083934274738119
-7.617617617617618 -7.617617617617618 -0.09053414787705844
-7.597597597597598 -7.597597597597598 -0.09015458584001078
-7.5775775775775776 -7.5775775775775776 -0.08970056396564481
-7.5575575575575575 -7.5575575575575575 -0.08917204683087121
-7.5375375375375375 -7.5375375375375375 -0.08856905657326951
-7.5175175175175175 -7.5175175175175175 -0.08789167316269317
-7.4974974974974975 -7.4974974974974975 -0.08714003463093713
-7.4774774774774775 -7.4774774774774775 -0.08631433725911651
-7.4574574574574575 -7.4574574574574575 -0.08541483572243731
-7.4374374374374375 -7.4374374374374375 -0.08444184319206663
-7.4174174174174174 -7.4174174174174174 -0.08339573139384364
-7.397397397397397 -7.397397397397397 -0.0822769306235987
-7.377377377377377 -7.377377377377377 -0.08108592971888333
-7.357357357357357 -7.357357357357357 -0.07982327598693958
-7.337337337337337 -7.337337337337337 -0.07848957508877386
-7.317317317317317 -7.317317317317317 -0.07708549087922589
-7.297297297297297 -7.297297297297297 -0.07561174520296092
-7.277277277277277 -7.277277277277277 -0.0740691176463388
-7.257257257257257 -7.257257257257257 -0.07245844524515178
-7.237237237237237 -7.237237237237237 -0.07078062214824814
-7.217217217217217 -7.217217217217217 -0.06903659923709737
-7.197197197197197 -7.197197197197197 -0.06722738370137867
-7.177177177177177 -7.177177177177177 -0.06535403857071138
-7.157157157157157 -7.157157157157157 -0.06341768220267593
-7.137137137137137 -7.137137137137137 -0.06141948772730503
-7.117117117117117 -7.117117117117117 -0.05936068244825955
-7.097097097097097 -7.097097097097097 -0.05724254720093422
-7.077077077077077 -7.077077077077077 -0.05506641566777041
-7.057057057057057 -7.057057057057057 -0.052833673651083594
-7.037037037037037 -7.037037037037037 -0.05054575830374979
-7.017017017017017 -7.017017017017017 -0.048204157318120375
-6.996996996996997 -6.996996996996997 -0.045810408073570986
-6.976976976976977 -6.976976976976977 -0.04336609674312057
-6.956956956956957 -6.956956956956957 -0.04087285735958689
-6.936936936936937 -6.936936936936937 -0.03833237084177428
-6.916916916916917 -6.916916916916917 -0.03574636398122585
-6.896896896896897 -6.896896896896897 -0.03311660839009391
-6.876876876876877 -6.876876876876877 -0.030444919410722325
-6.856856856856857 -6.856856856856857 -0.027733154987554177
-6.836836836836837 -6.836836836836837 -0.024983214502017848
-6.816816816816817 -6.816816816816817 -0.02219703757106305
-6.796796796796797 -6.796796796796797 -0.019376602810057913
-6.776776776776776 -6.776776776776776 -0.01652392656077523
-6.756756756756756 -6.756756756756756 -0.013641061585236255
-6.736736736736736 -6.736736736736736 -0.010730095726192913
-6.716716716716716 -6.716716716716716 -0.007793150535072435
-6.696696696696696 -6.696696696696696 -0.004832379868222193
-6.676676676676676 -6.676676676676676 -0.0018499684523235341
-6.656656656656656 -6.656656656656656 0.0011518695801313928
-6.636636636636636 -6.636636636636636 0.00417089218437922
-6.616616616616616 -6.616616616616616 0.007204830925003118
-6.596596596596596 -6.596596596596596 0.01025139252465783
-6.576576576576576 -6.576576576576576 0.013308260438914364
-6.556556556556556 -6.556556556556556 0.01637309645621441
-6.536536536536536 -6.536536536536536 0.019443542321896008
-6.516516516516516 -6.516516516516516 0.022517221385241627
-6.496496496496496 -6.496496496496496 0.025591740268467264
-6.476476476476476 -6.476476476476476 0.02866469055656376
-6.456456456456456 -6.456456456456456 0.03173365050687012
-6.436436436436436 -6.436436436436436 0.03479618677725266
-6.416416416416416 -6.416416416416416 0.037849856171734045
-6.396396396396396 -6.396396396396396 0.04089220740241144
-6.376376376376376 -6.376376376376376 0.04392078286647509
-6.356356356356356 -6.356356356356356 0.04693312043713536
-6.336336336336336 -6.336336336336336 0.0499267552672396
-6.316316316316316 -6.316316316316316 0.052899221604358934
-6.296296296296296 -6.296296296296296 0.055848054616099846
-6.276276276276276 -6.276276276276276 0.05877079222439574
-6.256256256256256 -6.256256256256256 0.061664976947510254
-6.236236236236236 -6.236236236236236 0.06452815774848608
-6.216216216216216 -6.216216216216216 0.06735789188875141
-6.196196196196196 -6.196196196196196 0.07015174678559943
-6.176176176176176 -6.176176176176176 0.07290730187223729
-6.156156156156156 -6.156156156156156 0.07562215045910499
-6.136136136136136 -6.136136136136136 0.07829390159514822
-6.116116116116116 -6.116116116116116 0.0809201819277347
-6.096096096096096 -6.096096096096096 0.08349863755988884
-6.076076076076076 -6.076076076076076 0.08602693590352697
-6.056056056056056 -6.056056056056056 0.08850276752736373
-6.036036036036036 -6.036036036036036 0.09092384799816504
-6.016016016016016 -6.016016016016016 0.09328791971402099
-5.995995995995996 -5.995995995995996 0.09559275372831182
-5.975975975975976 -5.975975975975976 0.09783615156304126
-5.955955955955956 -5.955955955955956 0.1000159470102157
-5.935935935935936 -5.935935935935936 0.10213000791995029
-5.915915915915916 -5.915915915915916 0.10417623797398666
-5.895895895895896 -5.895895895895896 0.10615257844331147
-5.875875875875876 -5.875875875875876 0.10805700992857502
-5.8558558558558556 -5.8558558558558556 0.10988755408201023
-5.8358358358358355 -5.8358358358358355 0.11164227530956668
-5.8158158158158155 -5.8158158158158155 0.11331928245197777
-5.7957957957957955 -5.7957957957957955 0.11491673044349247
-5.7757757757757755 -5.7757757757757755 0.11643282194701332
-5.7557557557557555 -5.7557557557557555 0.11786580896439272
-5.7357357357357355 -5.7357357357357355 0.11921399442065271
-5.7157157157157155 -5.7157157157157155 0.12047573372090874
-5.6956956956956954 -5.6956956956956954 0.12164943627878909
-5.675675675675675 -5.675675675675675 0.1227335670151594
-5.655655655655655 -5.655655655655655 0.12372664782597781
-5.635635635635635 -5.635635635635635 0.12462725901812094
-5.615615615615615 -5.615615615615615 0.12543404071204228
-5.595595595595595 -5.595595595595595 0.12614569421014013
-5.575575575575575 -5.575575575575575 0.1267609833297343
-5.555555555555555 -5.555555555555555 0.12727873569956913
-5.535535535535535 -5.535535535535535 0.1276978440187835
-5.515515515515515 -5.515515515515515 0.12801726727730905
-5.495495495495495 -5.495495495495495 0.12823603193668145
-5.475475475475475 -5.475475475475475 0.12835323307027321
-5.455455455455455 -5.455455455455455 0.1283680354619803
-5.435435435435435 -5.435435435435435 0.12827967466242043
-5.415415415415415 -5.415415415415415 0.12808745800172688
-5.395395395395395 -5.395395395395395 0.12779076555804755
-5.375375375375375 -5.375375375375375 0.12738905108088708
-5.355355355355355 -5.355355355355355 0.12688184286845733
-5.335335335335335 -5.335335335335335 0.1262687445982299
-5.315315315315315 -5.315315315315315 0.1255494361099143
-5.295295295295295 -5.295295295295295 0.1247236741401148
-5.275275275275275 -5.275275275275275 0.12379129300794962
-5.255255255255255 -5.255255255255255 0.12275220525094682
-5.235235235235235 -5.235235235235235 0.1216064022105638
-5.215215215215215 -5.215215215215215 0.12035395456670861
-5.195195195195195 -5.195195195195195 0.11899501282067446
-5.175175175175175 -5.175175175175175 0.11752980772593186
-5.155155155155155 -5.155155155155155 0.11595865066625687
-5.135135135135135 -5.135135135135135 0.11428193398070757
-5.115115115115115 -5.115115115115115 0.11250013123499611
-5.095095095095095 -5.095095095095095 0.11061379743883808
-5.075075075075075 -5.075075075075075 0.1086235692088971
-5.055055055055055 -5.055055055055055 0.10653016487697754
-5.035035035035035 -5.035035035035035 0.10433438454315527
-5.015015015015015 -5.015015015015015 0.10203711007357202
-4.994994994994995 -4.994994994994995 0.09963930504265615
-4.974974974974975 -4.974974974974975 0.0971420146195697
-4.954954954954955 -4.954954954954955 0.09454636539871876
-4.934934934934935 -4.934934934934935 0.09185356517420144
-4.914914914914915 -4.914914914914915 0.089064902658106
-4.894894894894895 -4.894894894894895 0.08618174714260926
-4.874874874874875 -4.874874874874875 0.08320554810586324
-4.854854854854855 -4.854854854854855 0.08013783476169668
-4.834834834834835 -4.834834834834835 0.07698021555319567
-4.814814814814815 -4.814814814814815 0.07373437759026667
-4.794794794794795 -4.794794794794795 0.07040208603132277
-4.774774774774775 -4.774774774774775 0.0669851834092731
-4.754754754754755 -4.754754754754755 0.06348558890203326
-4.734734734734735 -4.734734734734735 0.05990529754781304
-4.714714714714715 -4.714714714714715 0.056246379405476
-4.694694694694695 -4.694694694694695 0.05251097866030378
-4.674674674674675 -4.674674674674675 0.04870131267553573
-4.654654654654655 -4.654654654654655 0.044819670990092715
-4.634634634634635 -4.634634634634635 0.04086841426293155
-4.614614614614615 -4.614614614614615 0.03684997316451329
-4.594594594594595 -4.594594594594595 0.03276684721590924
-4.574574574574575 -4.574574574574575 0.02862160357609868
-4.554554554554555 -4.554554554554555 0.024416875778057994
-4.534534534534535 -4.534534534534535 0.020155362414270125
-4.514514514514515 -4.514514514514515 0.015839825772323193
-4.494494494494495 -4.494494494494495 0.011473090421301811
-4.474474474474475 -4.474474474474475 0.007058041749710275
-4.454454454454455 -4.454454454454455 0.002597624455701759
-4.434434434434435 -4.434434434434435 -0.0019051590095774742
-4.414414414414415 -4.414414414414415 -0.006447250044686778
-4.394394394394395 -4.394394394394395 -0.011025535545753917
-4.374374374374375 -4.374374374374375 -0.01563684959859497
-4.354354354354355 -4.354354354354355 -0.020277975214146645
-4.334334334334335 -4.334334334334335 -0.024945646106237448
-4.314314314314315 -4.314314314314315 -0.0296365485106903
-4.2942942942942945 -4.2942942942942945 -0.034347323044722544
-4.2742742742742745 -4.2742742742742745 -0.0390745666055708
-4.2542542542542545 -4.2542542542542545 -0.0438148343072486
-4.2342342342342345 -4.2342342342342345 -0.04856464145430754
-4.2142142142142145 -4.2142142142142145 -0.05332046555144855
-4.1941941941941945 -4.1941941941941945 -0.05807874834779994
-4.1741741741741745 -4.1741741741741745 -0.06283589791465617
-4.1541541541541545 -4.1541541541541545 -0.06758829075543686
-4.134134134134134 -4.134134134134134 -0.0723322739466105
-4.114114114114114 -4.114114114114114 -0.07706416730829439
-4.094094094094094 -4.094094094094094 -0.08178026560322257
-4.074074074074074 -4.074074074074074 -0.08647684076274945
-4.054054054054054 -4.054054054054054 -0.0911501441385346
-4.034034034034034 -4.034034034034034 -0.09579640877853324
-4.014014014014014 -4.014014014014014 -0.10041185172589574
-3.9939939939939944 -3.9939939939939944 -0.10499267633936087
-3.9739739739739743 -3.9739739739739743 -0.10953507463370796
-3.9539539539539543 -3.9539539539539543 -0.11403522963881585
-3.9339339339339343 -3.9339339339339343 -0.11848931777585983
-3.9139139139139143 -3.9139139139139143 -0.12289351124916112
-3.8938938938938943 -3.8938938938938943 -0.12724398045218951
-3.8738738738738743 -3.8738738738738743 -0.13153689638620505
-3.8538538538538543 -3.8538538538538543 -0.13576843309001196
-3.8338338338338342 -3.8338338338338342 -0.13993477007928615
-3.8138138138138142 -3.8138138138138142 -0.14403209479392623
-3.7937937937937942 -3.7937937937937942 -0.14805660505186846
-3.773773773773774 -3.773773773773774 -0.15200451150779679
-3.753753753753754 -3.753753753753754 -0.15587204011517103
-3.733733733733734 -3.733733733733734 -0.15965543458999013
-3.713713713713714 -3.713713713713714 -0.16335095887470039
-3.693693693693694 -3.693693693693694 -0.16695489960065485
-3.673673673673674 -3.673673673673674 -0.17046356854752545
-3.653653653653654 -3.653653653653654 -0.17387330509806748
-3.633633633633634 -3.633633633633634 -0.1771804786866334
-3.613613613613614 -3.613613613613614 -0.18038149123983446
-3.593593593593594 -3.593593593593594 -0.1834727796077447
-3.573573573573573 -3.573573573573573 -0.1864508179840505
-3.553553553553553 -3.553553553553553 -0.18931212031354333
-3.533533533533533 -3.533533533533533 -0.19205324268536422
-3.513513513513513 -3.513513513513513 -0.19467078571040802
-3.493493493493493 -3.493493493493493 -0.1971613968813047
-3.473473473473473 -3.473473473473473 -0.19952177291339995
-3.453453453453453 -3.453453453453453 -0.2017486620651664
-3.433433433433433 -3.433433433433433 -0.20383886643648502
-3.413413413413413 -3.413413413413413 -0.20578924424324727
-3.393393393393393 -3.393393393393393 -0.20759671206673821
-3.373373373373373 -3.373373373373373 -0.20925824707627533
-3.353353353353353 -3.353353353353353 -0.21077088922358803
-3.333333333333333 -3.333333333333333 -0.2121317434074404
-3.313313313313313 -3.313313313313313 -0.2133379816070119
-3.293293293293293 -3.293293293293293 -0.21438684498256963
-3.273273273273273 -3.273273273273273 -0.21527564594198104
-3.253253253253253 -3.253253253253253 -0.21600177017163613
-3.233233233233233 -3.233233233233233 -0.21656267863036577
-3.213213213213213 -3.213213213213213 -0.21695590950496454
-3.193193193193193 -3.193193193193193 -0.21717908012594678
-3.173173173173173 -3.173173173173173 -0.2172298888421869
-3.153153153153153 -3.153153153153153 -0.21710611685311892
-3.133133133133133 -3.133133133133133 -0.2168056299971932
-3.113113113113113 -3.113113113113113 -0.2163263804953135
-3.093093093093093 -3.093093093093093 -0.2156664086480052
-3.073073073073073 -3.073073073073073 -0.21482384448508846
-3.053053053053053 -3.053053053053053 -0.21379690936666257
-3.033033033033033 -3.033033033033033 -0.2125839175342316
-3.013013013013013 -3.013013013013013 -0.21118327761083427
-2.992992992992993 -2.992992992992993 -0.20959349404906946
-2.972972972972973 -2.972972972972973 -0.20781316852593917
-2.952952952952953 -2.952952952952953 -0.20584100128346436
-2.932932932932933 -2.932932932932933 -0.2036757924140596
-2.9129129129129128 -2.9129129129129128 -0.2013164430896869
-2.8928928928928928 -2.8928928928928928 -0.19876195673384234
-2.8728728728728727 -2.8728728728728727 -0.1960114401354639
-2.8528528528528527 -2.8528528528528527 -0.19306410450388414
-2.8328328328328327 -2.8328328328328327 -0.18991926646398768
-2.8128128128128127 -2.8128128128128127 -0.18657634899076883
-2.7927927927927927 -2.7927927927927927 -0.18303488228252351
-2.7727727727727727 -2.7727727727727727 -0.17929450457194548
-2.7527527527527527 -2.7527527527527527 -0.17535496287443683
-2.7327327327327327 -2.7327327327327327 -0.1712161136729802
-2.7127127127127126 -2.7127127127127126 -0.16687792353896022
-2.6926926926926926 -2.6926926926926926 -0.16234046968836108
-2.6726726726726726 -2.6726726726726726 -0.15760394047280774
-2.6526526526526526 -2.6526526526526526 -0.1526686358049582
-2.6326326326326326 -2.6326326326326326 -0.1475349675177962
-2.6126126126126126 -2.6126126126126126 -0.1422034596574143
-2.5925925925925926 -2.5925925925925926 -0.1366747487089199
-2.5725725725725725 -2.5725725725725725 -0.13094958375513796
-2.5525525525525525 -2.5525525525525525 -0.125028826567827
-2.5325325325325325 -2.5325325325325325 -0.11891345163116786
-2.5125125125125125 -2.5125125125125125 -0.112604546097327
-2.4924924924924925 -2.4924924924924925 -0.10610330967393938
-2.4724724724724725 -2.4724724724724725 -0.099411054443399
-2.4524524524524525 -2.4524524524524525 -0.0925292046138906
-2.4324324324324325 -2.4324324324324325 -0.08545929620213434
-2.4124124124124124 -2.4124124124124124 -0.07820297664786616
-2.3923923923923924 -2.3923923923923924 -0.07076200436011311
-2.3723723723723724 -2.3723723723723724 -0.06313824819537286
-2.3523523523523524 -2.3523523523523524 -0.055333686867844595
-2.3323323323323324 -2.3323323323323324 -0.04735040829190669
-2.3123123123123124 -2.3123123123123124 -0.03919060885707793
-2.2922922922922924 -2.2922922922922924 -0.030856592635742985
-2.2722722722722724 -2.2722722722722724 -0.022350770523966598
-2.2522522522522523 -2.2522522522522523 -0.013675659315763923
-2.2322322322322323 -2.2322322322322323 -0.004833880711237789
-2.2122122122122123 -2.2122122122122123 0.004171839740963556
-2.1921921921921923 -2.1921921921921923 0.013338673766371838
-2.1721721721721723 -2.1721721721721723 0.02266369155206853
-2.1521521521521523 -2.1521521521521523 0.032143862998118056
-2.1321321321321323 -2.1321321321321323 0.04177605903244163
-2.1121121121121122 -2.1121121121121122 0.05155705298846747
-2.0920920920920922 -2.0920920920920922 0.061483522044851614
-2.0720720720720722 -2.0720720720720722 0.07155204872652439
-2.052052052052052 -2.052052052052052 0.08175912246627329
-2.032032032032032 -2.032032032032032 0.09210114122603953
-2.012012012012012 -2.012012012012012 0.10257441317705862
-1.9919919919919913 -1.9919919919919913 0.1131751584379457
-1.9719719719719713 -1.9719719719719713 0.12389951086977298
-1.9519519519519513 -1.9519519519519513 0.13474351992717248
-1.9319319319319312 -1.9319319319319312 0.14570315256443195
-1.9119119119119112 -1.9119119119119112 0.1567742951955384
-1.8918918918918912 -1.8918918918918912 0.16795275570707519
-1.8718718718718712 -1.8718718718718712 0.17923426552284735
-1.8518518518518512 -1.8518518518518512 0.19061448171907458
-1.8318318318318312 -1.8318318318318312 0.2020889891889572
-1.8118118118118112 -1.8118118118118112 0.21365330285538794
-1.7917917917917912 -1.7917917917917912 0.2253028699305483
-1.7717717717717711 -1.7717717717717711 0.2370330722210992
-1.7517517517517511 -1.7517517517517511 0.2488392284776417
-1.7317317317317311 -1.7317317317317311 0.26071659678709613
-1.711711711711711 -1.711711711711711 0.2726603770066168
-1.691691691691691 -1.691691691691691 0.28466571323763284
-1.671671671671671 -1.671671671671671 0.29672769633857654
-1.651651651651651 -1.651651651651651 0.30884136647483496
-1.631631631631631 -1.631631631631631 0.3210017157044352
-1.611611611611611 -1.611611611611611 0.33320369059794774
-1.591591591591591 -1.591591591591591 0.34544219489106986
-1.571571571571571 -1.571571571571571 0.357712092168327
-1.551551551551551 -1.551551551551551 0.37000820857631006
-1.531531531531531 -1.531531531531531 0.3823253355648421
-1.511511511511511 -1.511511511511511 0.3946582326544533
-1.491491491491491 -1.491491491491491 0.4070016302285199
-1.471471471471471 -1.471471471471471 0.41935023234840585
-1.451451451451451 -1.451451451451451 0.43169871958993206
-1.431431431431431 -1.431431431431431 0.4440417518994784
-1.411411411411411 -1.411411411411411 0.4563739714680122
-1.391391391391391 -1.391391391391391 0.4686900056213213
-1.3713713713713709 -1.3713713713713709 0.4809844697247197
-1.3513513513513509 -1.3513513513513509 0.49325197010048016
-1.3313313313313309 -1.3313313313313309 0.5054871069562392
-1.3113113113113108 -1.3113113113113108 0.5176844773226111
-1.2912912912912908 -1.2912912912912908 0.5298386779982388
-1.2712712712712708 -1.2712712712712708 0.5419443085005035
-1.2512512512512508 -1.2512512512512508 0.5539959740201091
-1.2312312312312308 -1.2312312312312308 0.565988288377752
-1.2112112112112108 -1.2112112112112108 0.5779158769810854
-1.1911911911911908 -1.1911911911911908 0.5897733797801836
-1.1711711711711708 -1.1711711711711708 0.6015554542197107
-1.1511511511511507 -1.1511511511511507 0.6132567781859997
-1.1311311311311307 -1.1311311311311307 0.6248720529472469
-1.1111111111111107 -1.1111111111111107 0.636396006085032
-1.0910910910910907 -1.0910910910910907 0.6478233944153747
-1.0710710710710707 -1.0710710710710707 0.6591490068975456
-1.0510510510510507 -1.0510510510510507 0.6703676675288541
-1.0310310310310307 -1.0310310310310307 0.6814742382236438
-1.0110110110110107 -1.0110110110110107 0.692463621674733
-0.9909909909909906 -0.9909909909909906 0.7033307641955475
-0.9709709709709706 -0.9709709709709706 0.7140706585412053
-0.9509509509509506 -0.9509509509509506 0.7246783467068212
-0.9309309309309306 -0.9309309309309306 0.7351489227013137
-0.9109109109109106 -0.9109109109109106 0.7454775352950122
-0.8908908908908906 -0.8908908908908906 0.7556593907393723
-0.8708708708708706 -0.8708708708708706 0.7656897554571306
-0.8508508508508505 -0.8508508508508505 0.775563958701239
-0.8308308308308305 -0.8308308308308305 0.7852773951809437
-0.8108108108108105 -0.8108108108108105 0.7948255276533912
-0.7907907907907905 -0.7907907907907905 0.8042038894791581
-0.7707707707707705 -0.7707707707707705 0.8134080871401377
-0.7507507507507505 -0.7507507507507505 0.8224338027182183
-0.7307307307307305 -0.7307307307307305 0.8312767963332311
-0.7107107107107105 -0.7107107107107105 0.8399329085386563
-0.6906906906906904 -0.6906906906906904 0.8483980626736078
-0.6706706706706704 -0.6706706706706704 0.8566682671696437
-0.6506506506506504 -0.6506506506506504 0.8647396178109708
-0.6306306306306304 -0.6306306306306304 0.8726082999466485
-0.6106106106106104 -0.6106106106106104 0.88027059065342
-0.5905905905905904 -0.5905905905905904 0.8877228608478299
-0.5705705705705704 -0.5705705705705704 0.8949615773463214
-0.5505505505505504 -0.5505505505505504 0.9019833048720335
-0.5305305305305303 -0.5305305305305303 0.9087847080070551
-0.5105105105105103 -0.5105105105105103 0.9153625530889239
-0.4904904904904903 -0.4904904904904903 0.9217137100501928
-0.4704704704704703 -0.4704704704704703 0.9278351541999225
-0.4504504504504503 -0.4504504504504503 0.9337239679459931
-0.4304304304304303 -0.4304304304304303 0.9393773424571644
-0.41041041041041026 -0.41041041041041026 0.9447925792638536
-0.39039039039039025 -0.39039039039039025 0.9499670917966324
-0.37037037037037024 -0.37037037037037024 0.9548984068614917
-0.3503503503503502 -0.3503503503503502 0.9595841660509506
-0.3303303303303302 -0.3303303303303302 0.9640221270901369
-0.3103103103103102 -0.3103103103103102 0.968210165116998
-0.2902902902902902 -0.2902902902902902 0.972146273895848
-0.2702702702702702 -0.2702702702702702 0.9758285669634946
-0.25025025025025016 -0.25025025025025016 0.9792552787072321
-0.23023023023023015 -0.23023023023023015 0.9824247653740285
-0.21021021021021014 -0.21021021021021014 0.9853355060102811
-0.19019019019019012 -0.19019019019019012 0.9879861033315525
-0.1701701701701701 -0.1701701701701701 0.9903752845217445
-0.1501501501501501 -0.1501501501501501 0.9925019019612169
-0.13013013013013008 -0.13013013013013008 0.9943649338833912
-0.11011011011011007 -0.11011011011011007 0.9959634849594339
-0.09009009009009006 -0.09009009009009006 0.9972967868106554
-0.07007007007007005 -0.07007007007007005 0.9983641984483014
-0.05005005005005003 -0.05005005005005003 0.9991652066404675
-0.03003003003003002 -0.03003003003003002 0.999699426205905
-0.010010010010010006 -0.010010010010010006 0.9999666002345349
0.010010010010010006 0.010010010010010006 0.9999666002345349
0.03003003003003002 0.03003003003003002 0.999699426205905
0.05005005005005003 0.05005005005005003 0.9991652066404675
0.07007007007007005 0.07007007007007005 0.9983641984483014
0.09009009009009006 0.09009009009009006 0.9972967868106554
0.11011011011011007 0.11011011011011007 0.9959634849594339
0.13013013013013008 0.13013013013013008 0.9943649338833912
0.1501501501501501 0.1501501501501501 0.9925019019612169
0.1701701701701701 0.1701701701701701 0.9903752845217445
0.19019019019019012 0.19019019019019012 0.9879861033315525
0.21021021021021014 0.21021021021021014 0.9853355060102811
0.23023023023023015 0.23023023023023015 0.9824247653740285
0.25025025025025016 0.25025025025025016 0.9792552787072321
0.2702702702702702 0.2702702702702702 0.9758285669634946
0.2902902902902902 0.2902902902902902 0.972146273895848
0.3103103103103102 0.3103103103103102 0.968210165116998
0.3303303303303302 0.3303303303303302 0.9640221270901369
0.3503503503503502 0.3503503503503502 0.9595841660509506
0.37037037037037024 0.37037037037037024 0.9548984068614917
0.39039039039039025 0.39039039039039025 0.9499670917966324
0.41041041041041026 0.41041041041041026 0.9447925792638536
0.4304304304304303 0.4304304304304303 0.9393773424571644
0.4504504504504503 0.4504504504504503 0.9337239679459931
0.4704704704704703 0.4704704704704703 0.9278351541999225
0.4904904904904903 0.4904904904904903 0.9217137100501928
0.5105105105105103 0.5105105105105103 0.9153625530889239
0.5305305305305303 0.5305305305305303 0.9087847080070551
0.5505505505505504 0.5505505505505504 0.9019833048720335
0.5705705705705704 0.5705705705705704 0.8949615773463214
0.5905905905905904 0.5905905905905904 0.8877228608478299
0.6106106106106104 0.6106106106106104 0.88027059065342
0.6306306306306304 0.6306306306306304 0.8726082999466485
0.6506506506506504 0.6506506506506504 0.8647396178109708
0.6706706706706704 0.6706706706706704 0.8566682671696437
0.6906906906906904 0.6906906906906904 0.8483980626736078
0.7107107107107105 0.7107107107107105 0.8399329085386563
0.7307307307307305 0.7307307307307305 0.8312767963332311
0.7507507507507505 0.7507507507507505 0.8224338027182183
0.7707707707707705 0.7707707707707705 0.8134080871401377
0.7907907907907905 0.7907907907907905 0.8042038894791581
0.8108108108108105 0.8108108108108105 0.7948255276533912
0.8308308308308305 0.8308308308308305 0.7852773951809437
0.8508508508508505 0.8508508508508505 0.775563958701239
0.8708708708708706 0.8708708708708706 0.7656897554571306
0.8908908908908906 0.8908908908908906 0.7556593907393723
0.9109109109109106 0.9109109109109106 0.7454775352950122
0.9309309309309306 0.9309309309309306 0.7351489227013137
0.9509509509509506 0.9509509509509506 0.7246783467068212
0.9709709709709706 0.9709709709709706 0.7140706585412053
0.9909909909909906 0.9909909909909906 0.7033307641955475
1.0110110110110107 1.0110110110110107 0.692463621674733
1.0310310310310307 1.0310310310310307 0.6814742382236438
1.0510510510510507 1.0510510510510507 0.6703676675288541
1.0710710710710707 1.0710710710710707 0.6591490068975456
1.0910910910910907 1.0910910910910907 0.6478233944153747
1.1111111111111107 1.1111111111111107 0.636396006085032
1.1311311311311307 1.1311311311311307 0.6248720529472469
1.1511511511511507 1.1511511511511507 0.6132567781859997
1.1711711711711708 1.1711711711711708 0.6015554542197107
1.1911911911911908 1.1911911911911908 0.5897733797801836
1.2112112112112108 1.2112112112112108 0.5779158769810854
1.2312312312312308 1.2312312312312308 0.565988288377752
1.2512512512512508 1.2512512512512508 0.5539959740201091
1.2712712712712708 1.2712712712712708 0.5419443085005035
1.2912912912912908 1.2912912912912908 0.5298386779982388
1.3113113113113108 1.3113113113113108 0.5176844773226111
1.3313313313313309 1.3313313313313309 0.5054871069562392
1.3513513513513509 1.3513513513513509 0.49325197010048016
1.3713713713713709 1.3713713713713709 0.4809844697247197
1.391391391391391 1.391391391391391 0.4686900056213213
1.411411411411411 1.411411411411411 0.4563739714680122
1.431431431431431 1.431431431431431 0.4440417518994784
1.451451451451451 1.451451451451451 0.43169871958993206
1.471471471471471 1.471471471471471 0.41935023234840585
1.491491491491491 1.491491491491491 0.4070016302285199
1.511511511511511 1.511511511511511 0.3946582326544533
1.531531531531531 1.531531531531531 0.3823253355648421
1.551551551551551 1.551551551551551 0.37000820857631006
1.571571571571571 1.571571571571571 0.357712092168327
1.591591591591591 1.591591591591591 0.34544219489106986
1.611611611611611 1.611611611611611 0.33320369059794774
1.631631631631631 1.631631631631631 0.3210017157044352
1.651651651651651 1.651651651651651 0.30884136647483496
1.671671671671671 1.671671671671671 0.29672769633857654
1.691691691691691 1.691691691691691 0.28466571323763284
1.711711711711711 1.711711711711711 0.2726603770066168
1.7317317317317311 1.7317317317317311 0.26071659678709613
1.7517517517517511 1.7517517517517511 0.2488392284776417
1.7717717717717711 1.7717717717717711 0.2370330722210992
1.7917917917917912 1.7917917917917912 0.2253028699305483
1.8118118118118112 1.8118118118118112 0.21365330285538794
1.8318318318318312 1.8318318318318312 0.2020889891889572
1.8518518518518512 1.8518518518518512 0.19061448171907458
1.8718718718718712 1.8718718718718712 0.17923426552284735
1.8918918918918912 1.8918918918918912 0.16795275570707519
1.9119119119119112 1.9119119119119112 0.1567742951955384
1.9319319319319312 1.9319319319319312 0.14570315256443195
1.9519519519519513 1.9519519519519513 0.13474351992717248
1.9719719719719713 1.9719719719719713 0.12389951086977298
1.9919919919919913 1.9919919919919913 0.1131751584379457
2.0120120120120113 2.0120120120120113 0.10257441317705912
2.0320320320320313 2.0320320320320313 0.09210114122603985
2.0520520520520513 2.0520520520520513 0.08175912246627379
2.0720720720720713 2.0720720720720713 0.07155204872652503
2.0920920920920913 2.0920920920920913 0.061483522044852246
2.1121121121121114 2.1121121121121114 0.05155705298846778
2.1321321321321314 2.1321321321321314 0.04177605903244209
2.1521521521521514 2.1521521521521514 0.0321438629981185
2.1721721721721714 2.1721721721721714 0.022663691552068824
2.1921921921921914 2.1921921921921914 0.013338673766372272
2.2122122122122114 2.2122122122122114 0.004171839740963984
2.2322322322322314 2.2322322322322314 -0.004833880711237369
2.2522522522522515 2.2522522522522515 -0.01367565931576351
2.2722722722722715 2.2722722722722715 -0.022350770523966192
2.2922922922922915 2.2922922922922915 -0.030856592635742593
2.3123123123123115 2.3123123123123115 -0.03919060885707754
2.3323323323323315 2.3323323323323315 -0.047350408291906315
2.3523523523523515 2.3523523523523515 -0.05533368686784421
2.3723723723723715 2.3723723723723715 -0.06313824819537249
2.3923923923923915 2.3923923923923915 -0.07076200436011275
2.4124124124124116 2.4124124124124116 -0.07820297664786581
2.4324324324324316 2.4324324324324316 -0.08545929620213401
2.4524524524524516 2.4524524524524516 -0.09252920461389037
2.4724724724724716 2.4724724724724716 -0.09941105444339868
2.4924924924924916 2.4924924924924916 -0.10610330967393908
2.5125125125125116 2.5125125125125116 -0.1126045460973268
2.5325325325325316 2.5325325325325316 -0.11891345163116766
2.5525525525525516 2.5525525525525516 -0.1250288265678268
2.5725725725725717 2.5725725725725717 -0.13094958375513777
2.5925925925925917 2.5925925925925917 -0.13667474870891963
2.6126126126126117 2.6126126126126117 -0.14220345965741413
2.6326326326326317 2.6326326326326317 -0.14753496751779605
2.6526526526526517 2.6526526526526517 -0.15266863580495807
2.6726726726726717 2.6726726726726717 -0.15760394047280754
2.6926926926926917 2.6926926926926917 -0.16234046968836086
2.7127127127127117 2.7127127127127117 -0.16687792353895997
2.7327327327327318 2.7327327327327318 -0.17121611367298
2.7527527527527518 2.7527527527527518 -0.17535496287443664
2.772772772772772 2.772772772772772 -0.17929450457194532
2.792792792792792 2.792792792792792 -0.18303488228252335
2.812812812812812 2.812812812812812 -0.18657634899076866
2.8328328328328336 2.8328328328328336 -0.18991926646398788
2.8528528528528536 2.8528528528528536 -0.19306410450388423
2.8728728728728736 2.8728728728728736 -0.196011440135464
2.8928928928928936 2.8928928928928936 -0.19876195673384245
2.9129129129129137 2.9129129129129137 -0.201316443089687
2.9329329329329337 2.9329329329329337 -0.20367579241405964
2.9529529529529537 2.9529529529529537 -0.20584100128346441
2.9729729729729737 2.9729729729729737 -0.20781316852593923
2.9929929929929937 2.9929929929929937 -0.20959349404906952
3.0130130130130137 3.0130130130130137 -0.21118327761083433
3.0330330330330337 3.0330330330330337 -0.21258391753423161
3.0530530530530537 3.0530530530530537 -0.21379690936666262
3.0730730730730738 3.0730730730730738 -0.2148238444850885
3.0930930930930938 3.0930930930930938 -0.2156664086480052
3.113113113113114 3.113113113113114 -0.21632638049531355
3.133133133133134 3.133133133133134 -0.2168056299971932
3.153153153153154 3.153153153153154 -0.21710611685311895
3.173173173173174 3.173173173173174 -0.21722988884218689
3.193193193193194 3.193193193193194 -0.21717908012594675
3.213213213213214 3.213213213213214 -0.21695590950496452
3.233233233233234 3.233233233233234 -0.21656267863036574
3.253253253253254 3.253253253253254 -0.2160017701716361
3.273273273273274 3.273273273273274 -0.215275645941981
3.293293293293294 3.293293293293294 -0.21438684498256957
3.313313313313314 3.313313313313314 -0.21333798160701187
3.333333333333334 3.333333333333334 -0.21213174340744032
3.353353353353354 3.353353353353354 -0.21077088922358794
3.373373373373374 3.373373373373374 -0.20925824707627522
3.393393393393394 3.393393393393394 -0.20759671206673813
3.413413413413414 3.413413413413414 -0.20578924424324713
3.433433433433434 3.433433433433434 -0.20383886643648488
3.453453453453454 3.453453453453454 -0.2017486620651663
3.473473473473474 3.473473473473474 -0.19952177291339981
3.493493493493494 3.493493493493494 -0.19716139688130463
3.513513513513514 3.513513513513514 -0.19467078571040786
3.533533533533534 3.533533533533534 -0.19205324268536403
3.553553553553554 3.553553553553554 -0.18931212031354325
3.573573573573574 3.573573573573574 -0.18645081798405042
3.593593593593594 3.593593593593594 -0.1834727796077447
3.613613613613614 3.613613613613614 -0.18038149123983446
3.633633633633634 3.633633633633634 -0.1771804786866334
3.653653653653654 3.653653653653654 -0.17387330509806748
3.673673673673674 3.673673673673674 -0.17046356854752545
3.693693693693694 3.693693693693694 -0.16695489960065485
3.713713713713714 3.713713713713714 -0.16335095887470039
3.733733733733734 3.733733733733734 -0.15965543458999013
3.753753753753754 3.753753753753754 -0.15587204011517103
3.773773773773774 3.773773773773774 -0.15200451150779679
3.7937937937937942 3.7937937937937942 -0.14805660505186846
3.8138138138138142 3.8138138138138142 -0.14403209479392623
3.8338338338338342 3.8338338338338342 -0.13993477007928615
3.8538538538538543 3.8538538538538543 -0.13576843309001196
3.8738738738738743 3.8738738738738743 -0.13153689638620505
3.8938938938938943 3.8938938938938943 -0.12724398045218951
3.9139139139139143 3.9139139139139143 -0.12289351124916112
3.9339339339339343 3.9339339339339343 -0.11848931777585983
3.9539539539539543 3.9539539539539543 -0.11403522963881585
3.9739739739739743 3.9739739739739743 -0.10953507463370796
3.9939939939939944 3.9939939939939944 -0.10499267633936087
4.014014014014014 4.014014014014014 -0.10041185172589574
4.034034034034034 4.034034034034034 -0.09579640877853324
4.054054054054054 4.054054054054054 -0.0911501441385346
4.074074074074074 4.074074074074074 -0.08647684076274945
4.094094094094094 4.094094094094094 -0.08178026560322257
4.114114114114114 4.114114114114114 -0.07706416730829439
4.134134134134134 4.134134134134134 -0.0723322739466105
4.1541541541541545 4.1541541541541545 -0.06758829075543686
4.1741741741741745 4.1741741741741745 -0.06283589791465617
4.1941941941941945 4.1941941941941945 -0.05807874834779994
4.2142142142142145 4.2142142142142145 -0.05332046555144855
4.2342342342342345 4.2342342342342345 -0.04856464145430754
4.2542542542542545 4.2542542542542545 -0.0438148343072486
4.2742742742742745 4.2742742742742745 -0.0390745666055708
4.2942942942942945 4.2942942942942945 -0.034347323044722544
4.314314314314315 4.314314314314315 -0.0296365485106903
4.334334334334335 4.334334334334335 -0.024945646106237448
4.354354354354355 4.354354354354355 -0.020277975214146645
4.374374374374375 4.374374374374375 -0.01563684959859497
4.394394394394395 4.394394394394395 -0.011025535545753917
4.414414414414415 4.414414414414415 -0.006447250044686778
4.434434434434435 4.434434434434435 -0.0019051590095774742
4.454454454454455 4.454454454454455 0.002597624455701759
4.474474474474475 4.474474474474475 0.007058041749710275
4.494494494494495 4.494494494494495 0.011473090421301811
4.514514514514515 4.514514514514515 0.015839825772323193
4.534534534534535 4.534534534534535 0.020155362414270125
4.554554554554555 4.554554554554555 0.024416875778057994
4.574574574574575 4.574574574574575 0.02862160357609868
4.594594594594595 4.594594594594595 0.03276684721590924
4.614614614614615 4.614614614614615 0.03684997316451329
4.634634634634635 4.634634634634635 0.04086841426293155
4.654654654654655 4.654654654654655 0.044819670990092715
4.674674674674675 4.674674674674675 0.04870131267553573
4.694694694694695 4.694694694694695 0.05251097866030378
4.714714714714715 4.714714714714715 0.056246379405476
4.734734734734735 4.734734734734735 0.05990529754781304
4.754754754754755 4.754754754754755 0.06348558890203326
4.774774774774775 4.774774774774775 0.0669851834092731
4.794794794794795 4.794794794794795 0.07040208603132277
4.814814814814815 4.814814814814815 0.07373437759026667
4.834834834834835 4.834834834834835 0.07698021555319567
4.854854854854855 4.854854854854855 0.08013783476169668
4.874874874874875 4.874874874874875 0.08320554810586324
4.894894894894895 4.894894894894895 0.08618174714260926
4.914914914914915 4.914914914914915 0.089064902658106
4.934934934934935 4.934934934934935 0.09185356517420144
4.954954954954955 4.954954954954955 0.09454636539871876
4.974974974974975 4.974974974974975 0.0971420146195697
4.994994994994995 4.994994994994995 0.09963930504265615
5.015015015015015 5.015015015015015 0.10203711007357202
5.035035035035035 5.035035035035035 0.10433438454315527
5.055055055055055 5.055055055055055 0.10653016487697754
5.075075075075075 5.075075075075075 0.1086235692088971
5.095095095095095 5.095095095095095 0.11061379743883808
5.115115115115115 5.115115115115115 0.11250013123499611
5.135135135135135 5.135135135135135 0.11428193398070757
5.155155155155155 5.155155155155155 0.11595865066625687
5.175175175175175 5.175175175175175 0.11752980772593186
5.195195195195195 5.195195195195195 0.11899501282067446
5.215215215215215 5.215215215215215 0.12035395456670861
5.235235235235235 5.235235235235235 0.1216064022105638
5.255255255255255 5.255255255255255 0.12275220525094682
5.275275275275275 5.275275275275275 0.12379129300794962
5.295295295295295 5.295295295295295 0.1247236741401148
5.315315315315315 5.315315315315315 0.1255494361099143
5.335335335335335 5.335335335335335 0.1262687445982299
5.355355355355355 5.355355355355355 0.12688184286845733
5.375375375375375 5.375375375375375 0.12738905108088708
5.395395395395395 5.395395395395395 0.12779076555804755
5.415415415415415 5.415415415415415 0.12808745800172688
5.435435435435435 5.435435435435435 0.12827967466242043
5.455455455455455 5.455455455455455 0.1283680354619803
5.475475475475475 5.475475475475475 0.12835323307027321
5.495495495495495 5.495495495495495 0.12823603193668145
5.515515515515515 5.515515515515515 0.12801726727730905
5.535535535535535 5.535535535535535 0.1276978440187835
5.555555555555555 5.555555555555555 0.12727873569956913
5.575575575575575 5.575575575575575 0.1267609833297343
5.595595595595595 5.595595595595595 0.12614569421014013
5.615615615615615 5.615615615615615 0.12543404071204228
5.635635635635635 5.635635635635635 0.12462725901812094
5.655655655655655 5.655655655655655 0.12372664782597781
5.675675675675675 5.675675675675675 0.1227335670151594
5.6956956956956954 5.6956956956956954 0.12164943627878909
5.7157157157157155 5.7157157157157155 0.12047573372090874
5.7357357357357355 5.7357357357357355 0.11921399442065271
5.7557557557557555 5.7557557557557555 0.11786580896439272
5.7757757757757755 5.7757757757757755 0.11643282194701332
5.7957957957957955 5.7957957957957955 0.11491673044349247
5.8158158158158155 5.8158158158158155 0.11331928245197777
5.8358358358358355 5.8358358358358355 0.11164227530956668
5.8558558558558556 5.8558558558558556 0.10988755408201023
5.875875875875876 5.875875875875876 0.10805700992857502
5.895895895895896 5.895895895895896 0.10615257844331147
5.915915915915916 5.915915915915916 0.10417623797398666
5.935935935935936 5.935935935935936 0.10213000791995029
5.955955955955956 5.955955955955956 0.1000159470102157
5.975975975975976 5.975975975975976 0.09783615156304126
5.995995995995996 5.995995995995996 0.09559275372831182
6.016016016016017 6.016016016016017 0.09328791971402085
6.0360360360360374 6.0360360360360374 0.09092384799816475
6.0560560560560575 6.0560560560560575 0.0885027675273636
6.0760760760760775 6.0760760760760775 0.08602693590352682
6.0960960960960975 6.0960960960960975 0.08349863755988869
6.1161161161161175 6.1161161161161175 0.08092018192773437
6.1361361361361375 6.1361361361361375 0.07829390159514805
6.1561561561561575 6.1561561561561575 0.07562215045910464
6.1761761761761775 6.1761761761761775 0.07290730187223712
6.1961961961961975 6.1961961961961975 0.07015174678559909
6.216216216216218 6.216216216216218 0.06735789188875123
6.236236236236238 6.236236236236238 0.06452815774848573
6.256256256256258 6.256256256256258 0.06166497694751007
6.276276276276278 6.276276276276278 0.058770792224395366
6.296296296296298 6.296296296296298 0.055848054616099665
6.316316316316318 6.316316316316318 0.05289922160435856
6.336336336336338 6.336336336336338 0.04992675526723941
6.356356356356358 6.356356356356358 0.046933120437134976
6.376376376376378 6.376376376376378 0.043920782866474904
6.396396396396398 6.396396396396398 0.040892207402411056
6.416416416416418 6.416416416416418 0.03784985617173385
6.436436436436438 6.436436436436438 0.034796186777252276
6.456456456456458 6.456456456456458 0.03173365050686992
6.476476476476478 6.476476476476478 0.028664690556563382
6.496496496496498 6.496496496496498 0.02559174026846707
6.516516516516518 6.516516516516518 0.02251722138524124
6.536536536536538 6.536536536536538 0.019443542321895813
6.556556556556558 6.556556556556558 0.016373096456214025
6.576576576576578 6.576576576576578 0.013308260438914171
6.596596596596598 6.596596596596598 0.010251392524657447
6.616616616616618 6.616616616616618 0.007204830925002926
6.636636636636638 6.636636636636638 0.004170892184378839
6.656656656656658 6.656656656656658 0.0011518695801310149
6.676676676676678 6.676676676676678 -0.0018499684523239097
6.696696696696698 6.696696696696698 -0.004832379868222565
6.716716716716718 6.716716716716718 -0.0077931505350726194
6.736736736736738 6.736736736736738 -0.010730095726193099
6.756756756756758 6.756756756756758 -0.013641061585236619
6.776776776776778 6.776776776776778 -0.01652392656077559
6.796796796796798 6.796796796796798 -0.019376602810057913
6.816816816816818 6.816816816816818 -0.022197037571063227
6.836836836836838 6.836836836836838 -0.02498321450201802
6.856856856856858 6.856856856856858 -0.027733154987554347
6.876876876876878 6.876876876876878 -0.030444919410722325
6.896896896896898 6.896896896896898 -0.033116608390094074
6.916916916916918 6.916916916916918 -0.03574636398122585
6.936936936936938 6.936936936936938 -0.03833237084177444
6.956956956956958 6.956956956956958 -0.04087285735958689
6.976976976976978 6.976976976976978 -0.04336609674312073
6.996996996996998 6.996996996996998 -0.045810408073570986
7.017017017017018 7.017017017017018 -0.04820415731812053
7.037037037037038 7.037037037037038 -0.05054575830374994
7.057057057057058 7.057057057057058 -0.05283367365108373
7.077077077077078 7.077077077077078 -0.05506641566777041
7.097097097097098 7.097097097097098 -0.05724254720093436
7.117117117117118 7.117117117117118 -0.05936068244825955
7.137137137137138 7.137137137137138 -0.06141948772730516
7.157157157157158 7.157157157157158 -0.06341768220267605
7.177177177177178 7.177177177177178 -0.06535403857071151
7.197197197197198 7.197197197197198 -0.06722738370137867
7.217217217217218 7.217217217217218 -0.06903659923709748
7.237237237237238 7.237237237237238 -0.07078062214824825
7.257257257257258 7.257257257257258 -0.0724584452451519
7.277277277277278 7.277277277277278 -0.0740691176463389
7.297297297297298 7.297297297297298 -0.075611745202961
7.317317317317318 7.317317317317318 -0.07708549087922599
7.337337337337338 7.337337337337338 -0.07848957508877394
7.357357357357358 7.357357357357358 -0.07982327598693967
7.377377377377378 7.377377377377378 -0.0810859297188834
7.397397397397398 7.397397397397398 -0.08227693062359878
7.417417417417418 7.417417417417418 -0.08339573139384371
7.437437437437438 7.437437437437438 -0.0844418431920667
7.457457457457458 7.457457457457458 -0.08541483572243737
7.477477477477478 7.477477477477478 -0.08631433725911657
7.497497497497498 7.497497497497498 -0.08714003463093713
7.517517517517518 7.517517517517518 -0.08789167316269321
7.537537537537538 7.537537537537538 -0.08856905657326955
7.557557557557558 7.557557557557558 -0.08917204683087124
7.577577577577578 7.577577577577578 -0.08970056396564481
7.5975975975975985 7.5975975975975985 -0.0901545858400108
7.6176176176176185 7.6176176176176185 -0.09053414787705845
7.6376376376376385 7.6376376376376385 -0.09083934274738122
7.6576576576576585 7.6576576576576585 -0.09107032001476117
7.6776776776776785 7.6776776776776785 -0.09122728574113816
7.6976976976976985 7.6976976976976985 -0.09131050205132782
7.7177177177177185 7.7177177177177185 -0.09132028665798027
7.7377377377377385 7.7377377377377385 -0.09125701234729755
7.7577577577577586 7.7577577577577586 -0.0911211064260553
7.777777777777779 7.777777777777779 -0.09091305013049959
7.797797797797799 7.797797797797799 -0.09063337799771592
7.817817817817819 7.817817817817819 -0.09028267720009199
7.837837837837839 7.837837837837839 -0.08986158684352073
7.857857857857859 7.857857857857859 -0.08937079723001375
7.877877877877879 7.877877877877879 -0.08881104908541908
7.897897897897899 7.897897897897899 -0.08818313275295984
7.917917917917919 7.917917917917919 -0.0874878873533321
7.937937937937939 7.937937937937939 -0.08672619991212299
7.957957957957959 7.957957957957959 -0.08589900445532979
7.977977977977979 7.977977977977979 -0.08500728107378239
7.997997997997999 7.997997997997999 -0.08405205495728955
8.018018018018019 8.018018018018019 -0.0830343953993508
8.038038038038039 8.038038038038039 -0.08195541477329125
8.058058058058059 8.058058058058059 -0.08081626748069681
8.078078078078079 8.078078078078079 -0.07961814887304293
8.098098098098099 8.098098098098099 -0.07836229414742703
8.118118118118119 8.118118118118119 -0.07704997721732842
8.138138138138139 8.138138138138139 -0.07568250955933824
8.158158158158159 8.158158158158159 -0.0742612390368107
8.178178178178179 8.178178178178179 -0.07278754870140604
8.198198198198199 8.198198198198199 -0.07126285557350259
8.218218218218219 8.218218218218219 -0.06968860940247244
8.238238238238239 8.238238238238239 -0.06806629140782125
8.258258258258259 8.258258258258259 -0.06639741300220749
8.278278278278279 8.278278278278279 -0.06468351449736344
8.298298298298299 8.298298298298299 -0.06292616379394808
8.318318318318319 8.318318318318319 -0.06112695505637414
8.338338338338339 8.338338338338339 -0.05928750737365352
8.358358358358359 8.358358358358359 -0.057409463407315155
8.378378378378379 8.378378378378379 -0.055494488027455206
8.398398398398399 8.398398398398399 -0.05354426693798043
8.418418418418419 8.418418418418419 -0.05156050529211482
8.438438438438439 8.438438438438439 -0.04954492629923932
8.458458458458459 8.458458458458459 -0.04749926982413694
8.478478478478479 8.478478478478479 -0.04542529097971898
8.498498498498499 8.498498498498499 -0.04332475871430801
8.518518518518519 8.518518518518519 -0.04119945439455315
8.538538538538539 8.538538538538539 -0.039051170385051764
8.558558558558559 8.558558558558559 -0.03688170862575149
8.578578578578579 8.578578578578579 -0.03469287920820412
8.598598598598599 8.598598598598599 -0.032486498951738954
8.618618618618619 8.618618618618619 -0.03026438998061807
8.63863863863864 8.63863863863864 -0.028028378303236193
8.65865865865866 8.65865865865866 -0.025780292394415948
8.67867867867868 8.67867867867868 -0.023521961781847713
8.6986986986987 8.6986986986987 -0.021255215637715485
8.71871871871872 8.71871871871872 -0.018981881376541585
8.73873873873874 8.73873873873874 -0.016703783260273466
8.75875875875876 8.75875875875876 -0.014422741011631934
8.77877877877878 8.77877877877878 -0.012140568436722295
8.7987987987988 8.7987987987988 -0.009859072057908308
8.81881881881882 8.81881881881882 -0.0075800497579284936
8.83883883883884 8.83883883883884 -0.005305289436231572
8.85885885885886 8.85885885885886 -0.0030365676784860113
8.87887887887888 8.87887887887888 -0.0007756484402145382
8.8988988988989 8.8988988988989 0.0014757182545185636
8.91891891891892 8.91891891891892 0.003715797598445053
8.93893893893894 8.93893893893894 0.005942871269557158
8.95895895895896 8.95895895895896 0.008155238681807552
8.97897897897898 8.97897897897898 0.010351218217179025
8.998998998999 8.998998998999 0.01252914843826604
9.01901901901902 9.01901901901902 0.01468738928053686
9.03903903903904 9.03903903903904 0.01682432322345425
9.05905905905906 9.05905905905906 0.018938356439660162
9.07907907907908 9.07907907907908 0.02102791992144055
9.0990990990991 9.0990990990991 0.02309147058371372
9.11911911911912 9.11911911911912 0.02512749234280092
9.13913913913914 9.13913913913914 0.02713449717025989
9.15915915915916 9.15915915915916 0.029111026121083808
9.17917917917918 9.17917917917918 0.031055650335590882
9.1991991991992 9.1991991991992 0.03296697201434726
9.21921921921922 9.21921921921922 0.03484362536549535
9.23923923923924 9.23923923923924 0.03668427752387496
9.25925925925926 9.25925925925926 0.03848762944135526
9.27927927927928 9.27927927927928 0.040252416747812075
9.2992992992993 9.2992992992993 0.041977410582215935
9.31931931931932 9.31931931931932 0.04366141839331355
9.33933933933934 9.33933933933934 0.04530328470941704
9.35935935935936 9.35935935935936 0.046901891876832996
9.37937937937938 9.37937937937938 0.048456160766495504
9.3993993993994 9.3993993993994 0.049965051448385936
9.41941941941942 9.41941941941942 0.05142756383335424
9.43943943943944 9.43943943943944 0.052842738281976664
9.45945945945946 9.45945945945946 0.054209656180114404
9.47947947947948 9.47947947947948 0.05552744048086355
9.4994994994995 9.4994994994995 0.05679525621261
9.51951951951952 9.51951951951952 0.05801231095293379
9.53953953953954 9.53953953953954 0.0591778552681304
9.55955955955956 9.55955955955956 0.060291183118144485
9.57957957957958 9.57957957957958 0.061351632226738124
9.5995995995996 9.5995995995996 0.062358584416742815
9.61961961961962 9.61961961961962 0.06331146591027015
9.63963963963964 9.63963963963964 0.06420974759378344
9.65965965965966 9.65965965965966 0.06505294524795929
9.67967967967968 9.67967967967968 0.06584061974229524
9.6996996996997 9.6996996996997 0.06657237719444532
9.71971971971972 9.71971971971972 0.0672478690942924
9.73973973973974 9.73973973973974 0.06786679239279277
9.75975975975976 9.75975975975976 0.0684288895556554
9.77977977977978 9.77977977977978 0.06893394858194252
9.7997997997998 9.7997997997998 0.06938180298770692
9.81981981981982 9.81981981981982 0.06977233175480524
9.83983983983984 9.83983983983984 0.07010545924505338
9.85985985985986 9.85985985985986 0.07038115507991484
9.87987987987988 9.87987987987988 0.0705994339859394
9.8998998998999 9.8998998998999 0.07076035560619288
9.91991991991992 9.91991991991992 0.07086402427794518
9.93993993993994 9.93993993993994 0.07091058877690701
9.95995995995996 9.95995995995996 0.07090024202833113
9.97997997997998 9.97997997997998 0.07083322078531662
10.0 10.0 0.07070980527467927
10.02002002002002 10.02002002002002 0.07053031881077411
