-10.0 27.38835752182883
-9.97997997997998 26.822541684191123
-9.95995995995996 26.215865902332727
-9.93993993993994 25.569473393091094
-9.91991991991992 24.884567340649948
-9.8998998998999 24.162408700109914
-9.87987987987988 23.404313914810302
-9.85985985985986 22.611652551480066
-9.83983983983984 21.78584485741694
-9.81981981981982 20.928359244007197
-9.7997997997998 20.04070970100432
-9.77977977977978 19.12445314608323
-9.75975975975976 18.181186714276983
-9.73973973973974 17.212544991985332
-9.71971971971972 16.22019720031898
-9.6996996996997 15.20584433260932
-9.67967967967968 14.171216250971732
-9.65965965965966 13.118068746859835
-9.63963963963964 12.048180570589539
-9.61961961961962 10.963350434844536
-9.5995995995996 9.865393997199286
-9.57957957957958 8.756140826711569
-9.55955955955956 7.637431359644106
-9.53953953953954 6.511113849374017
-9.51951951951952 5.379041315539439
-9.4994994994995 4.243068497455058
-9.47947947947948 3.1050488168023955
-9.45945945945946 1.966831354566483
-9.43943943943944 0.8302578471483002
-9.41941941941942 -0.30284029346796865
-9.3993993993994 -1.430644930672063
-9.37937937937938 -2.551354120554407
-9.35935935935936 -3.6631849909214464
-9.33933933933934 -4.764376577399738
-9.31931931931932 -5.853192612117519
-9.2992992992993 -6.927924260548229
-9.27927927927928 -7.986892802203215
-9.25925925925926 -9.02845225097032
-9.23923923923924 -10.05099191101123
-9.21921921921922 -11.052938864252905
-9.1991991991992 -12.032760385637047
-9.17917917917918 -12.988966282426102
-9.15915915915916 -13.92011115400449
-9.13913913913914 -14.824796568759329
-9.11911911911912 -15.701673154775724
-9.0990990990991 -16.549442601237217
-9.07907907907908 -17.366859567582313
-9.05905905905906 -18.152733497632457
-9.03903903903904 -18.905930336075382
-9.01901901901902 -19.625374144860093
-8.998998998999 -20.310048617235307
-8.97897897897898 -20.958998487342225
-8.95895895895896 -21.57133083345383
-8.93893893893894 -22.146216273137277
-8.91891891891892 -22.682890048802133
-8.8988988988989 -23.18065300228533
-8.87887887887888 -23.638872437313506
-8.85885885885886 -24.05698286887419
-8.83883883883884 -24.434486658719127
-8.81881881881882 -24.770954536415413
-8.7987987987988 -25.066026005552658
-8.77877877877878 -25.319409634906958
-8.75875875875876 -25.530883234554484
-8.73873873873874 -25.700293917118962
-8.71871871871872 -25.82755804452767
-8.6986986986987 -25.912661060839348
-8.67867867867868 -25.955657211895083
-8.65865865865866 -25.956669152728242
-8.63863863863864 -25.91588744385271
-8.618618618618619 -25.8335699377292
-8.598598598598599 -25.710041056886933
-8.578578578578579 -25.545690965352392
-8.558558558558559 -25.340974635208
-8.538538538538539 -25.09641081027068
-8.518518518518519 -24.81258086904368
-8.498498498498499 -24.490127589254033
-8.478478478478479 -24.129753816442673
-8.458458458458459 -23.732221039223944
-8.438438438438439 -23.29834787397626
-8.418418418418419 -22.829008461865183
-8.398398398398399 -22.325130781234595
-8.378378378378379 -21.787694878530175
-8.358358358358359 -21.217731021042383
-8.338338338338339 -20.616317774872776
-8.318318318318319 -19.98458001163848
-8.298298298298299 -19.32368684753367
-8.278278278278279 -18.63484951846501
-8.258258258258259 -17.91931919506923
-8.238238238238239 -17.178384741505415
-8.218218218218219 -16.41337042199231
-8.198198198198199 -15.625633559131659
-8.178178178178179 -14.816562148122054
-8.158158158158159 -13.987572431024438
-8.138138138138139 -13.14010643528944
-8.118118118118119 -12.275629480798957
-8.098098098098099 -11.395627659708847
-8.078078078078079 -10.50160529340713
-8.058058058058059 -9.59508237092196
-8.038038038038039 -8.67759197312636
-8.018018018018019 -7.750677687091904
-7.997997997997998 -6.815891014941456
-7.977977977977978 -5.874788781542069
-7.957957957957958 -4.928930545361547
-7.937937937937938 -3.9798760167898837
-7.917917917917918 -3.0291824881943663
-7.897897897897898 -2.0784022799399757
-7.877877877877878 -1.1290802065614791
-7.857857857857858 -0.1827510672217952
-7.837837837837838 0.7590628354673307
-7.817817817817818 1.6948541442515277
-7.797797797797798 2.6231328597277206
-7.777777777777778 3.542428712664635
-7.757757757757758 4.451293492372946
-7.737737737737738 5.3483033274383205
-7.717717717717718 6.2320609152266835
-7.697697697697698 7.1011976966726715
-7.677677677677678 7.954375972969445
-7.657657657657658 8.790290960890411
-7.637637637637638 9.607672783590854
-7.617617617617618 10.405288393859719
-7.597597597597598 11.181943426918753
-7.5775775775775776 11.936483979997297
-7.5575575575575575 12.667798316046511
-7.5375375375375375 13.374818489096002
-7.5175175175175175 14.056521888898647
-7.4974974974974975 14.711932702655728
-7.4774774774774775 15.340123291763769
-7.4574574574574575 15.940215481676663
-7.4374374374374375 16.511381763131514
-7.4174174174174174 17.052846403143537
-7.397397397397397 17.563886464334615
-7.377377377377377 18.04383273132087
-7.357357357357357 18.492070543046793
-7.337337337337337 18.90804053011731
-7.317317317317317 19.291239256343076
-7.297297297297297 19.641219763879768
-7.277277277277277 19.95759202150715
-7.257257257257257 20.24002327575934
-7.237237237237237 20.488238304782655
-7.217217217217217 20.702019574962332
-7.197197197197197 20.881207300523094
-7.177177177177177 21.0256994064715
-7.157157157157157 21.13545139540945
-7.137137137137137 21.210476118908144
-7.117117117117117 21.25084345428976
-7.097097097097097 21.256679887820155
-7.077077077077077 21.22816800546918
-7.057057057057057 21.16554589254632
-7.037037037037037 21.06910644366718
-7.017017017017017 20.939196584651313
-6.996996996996997 20.77621640809331
-6.976976976976977 20.580618224487075
-6.956956956956957 20.352905530917322
-6.936936936936937 20.093631899462295
-6.916916916916917 19.80339978757783
-6.896896896896897 19.482859272854114
-6.876876876876877 19.132706714653406
-6.856856856856857 18.753683345249186
-6.836836836836837 18.346573793193986
-6.816816816816817 17.912204541745442
-6.796796796796797 17.451442325276602
-6.776776776776776 16.965192466687824
-6.756756756756756 16.454397158923527
-6.736736736736736 15.920033693776523
-6.716716716716716 15.36311264123782
-6.696696696696696 14.784675982717259
-6.676676676676676 14.185795201523263
-6.656656656656656 13.567569334046093
-6.636636636636636 12.931122985139238
-6.616616616616616 12.277604311237507
-6.596596596596596 11.608182974788159
-6.576576576576576 10.924048073602865
-6.556556556556556 10.226406048763375
-6.536536536536536 9.516478574732671
-6.516516516516516 8.795500435335805
-6.496496496496496 8.064717389280794
-6.476476476476476 7.325384028889804
-6.456456456456456 6.578761635704417
-6.436436436436436 5.826116036616091
-6.416416416416416 5.0687154641540655
-6.396396396396396 4.3078284245379255
-6.376376376376376 3.544721577071018
-6.356356356356356 2.7806576284137874
-6.336336336336336 2.016893245233181
-6.316316316316316 1.2546769886755167
-6.296296296296296 0.4952472740557327
-6.276276276276276 -0.2601696409040489
-6.256256256256256 -1.010361636019182
-6.236236236236236 -1.7541326735736829
-6.216216216216216 -2.490304705117168
-6.196196196196196 -3.217719537087699
-6.176176176176176 -3.9352406523064762
-6.156156156156156 -4.641754984480768
-6.136136136136136 -5.336174642946424
-6.116116116116116 -6.017438584980596
-6.096096096096096 -6.684514233118681
-6.076076076076076 -7.336399035016826
-6.056056056056056 -7.9721219635124125
-6.036036036036036 -8.590744954649464
-6.016016016016016 -9.19136428155385
-5.995995995995996 -9.773111862164095
-5.975975975975976 -10.335156498947397
-5.955955955955956 -10.876705048857021
-5.935935935935936 -11.39700352191595
-5.915915915915916 -11.89533810694287
-5.895895895895896 -12.371036123069437
-5.875875875875876 -12.823466895832464
-5.8558558558558556 -13.252042556760818
-5.8358358358358355 -13.656218765514126
-5.8158158158158155 -14.035495353768713
-5.7957957957957955 -14.389416890185181
-5.7757757757757755 -14.717573165931622
-5.7557557557557555 -15.019599600376093
-5.7357357357357355 -15.295177566701852
-5.7157157157157155 -15.54403463733817
-5.6956956956956954 -15.76594474923868
-5.675675675675675 -15.96072828917738
-5.655655655655655 -16.128252099369718
-5.635635635635635 -16.26842940386225
-5.615615615615615 -16.381219656269085
-5.595595595595595 -16.466628309566172
-5.575575575575575 -16.524706508785705
-5.555555555555555 -16.55555070758184
-5.535535535535535 -16.559302209765555
-5.515515515515515 -16.53614663703068
-5.495495495495495 -16.48631332421445
-5.475475475475475 -16.410074643554385
-5.455455455455455 -16.30774525951863
-5.435435435435435 -16.17968131589888
-5.415415415415415 -16.02627955696348
-5.395395395395395 -15.847976384573183
-5.375375375375375 -15.645246853262849
-5.355355355355355 -15.418603605389631
-5.335335335335335 -15.168595748540694
-5.315315315315315 -14.895807677482326
-5.295295295295295 -14.600857843016168
-5.275275275275275 -14.284397470188056
-5.255255255255255 -13.947109228369593
-5.235235235235235 -13.589705855802867
-5.215215215215215 -13.212928741263761
-5.195195195195195 -12.817546465559628
-5.175175175175175 -12.404353305632169
-5.155155155155155 -11.974167704086415
-5.135135135135135 -11.527830707011534
-5.115115115115115 -11.066204372998685
-5.095095095095095 -10.590170156295509
-5.075075075075075 -10.10062726706562
-5.055055055055055 -9.598491011745201
-5.035035035035035 -9.084691116506818
-5.015015015015015 -8.56017003685349
-4.994994994994995 -8.02588125637342
-4.974974974974975 -7.482787577687798
-4.954954954954955 -6.931859408620858
-4.934934934934935 -6.37407304661266
-4.914914914914915 -5.810408964381234
-4.894894894894895 -5.241850099821515
-4.874874874874875 -4.669380153104241
-4.854854854854855 -4.0939818939085315
-4.834834834834835 -3.5166354816874494
-4.814814814814815 -2.9383168018264203
-4.794794794794795 -2.3599958205101688
-4.774774774774775 -1.7826349610648191
-4.754754754754755 -1.2071875044881728
-4.734734734734735 -0.6345960168230126
-4.714714714714715 -0.06579080596570783
-4.694694694694695 0.4983115895644264
-4.674674674674675 1.056809877440545
-4.654654654654655 1.6088194515489356
-4.634634634634635 2.153473792914192
-4.614614614614615 2.689925829310623
-4.594594594594595 3.2173492514275988
-4.574574574574575 3.734939783545849
-4.554554554554555 4.24191640677422
-4.534534534534535 4.737522532991861
-4.514514514514515 5.221027127739097
-4.494494494494495 5.691725780401133
-4.474474474474475 6.148941720132052
-4.454454454454455 6.59202677607211
-4.434434434434435 7.020362280518904
-4.414414414414415 7.433359913822396
-4.394394394394395 7.830462489884791
-4.374374374374375 8.211144681258693
-4.354354354354355 8.574913682950625
-4.334334334334335 8.92130981415167
-4.314314314314315 9.249907057232338
-4.2942942942942945 9.56031353345491
-4.2742742742742745 9.852171914972756
-4.2542542542542545 10.125159772802764
-4.2342342342342345 10.37898986057347
-4.2142142142142145 10.613410333967668
-4.1941941941941945 10.828204905894147
-4.1741741741741745 11.02319293753811
-4.1541541541541545 11.198229465554228
-4.134134134134134 11.35320516577927
-4.114114114114114 11.488046253953131
-4.094094094094094 11.6027143240475
-4.074074074074074 11.697206124910034
-4.054054054054054 11.77155327603884
-4.034034034034034 11.825821923406808
-4.014014014014014 11.86011233635799
-3.9939939939939944 11.874558446698385
-3.9739739739739743 11.869327331201161
-3.9539539539539543 11.84461863884122
-3.9339339339339343 11.800663964166105
-3.9139139139139143 11.737726168299146
-3.8938938938938943 11.656098649156633
-3.8738738738738743 11.556104562543233
-3.8538538538538543 11.438095995868899
-3.8338338338338342 11.302453096305921
-3.8138138138138142 11.149583155276556
-3.7937937937937942 10.979919651229494
-3.773773773773774 10.793921252727468
-3.753753753753754 10.5920707839282
-3.733733733733734 10.374874154596773
-3.713713713713714 10.14285925683913
-3.693693693693694 9.896574830793751
-3.673673673673674 9.636589301561669
-3.653653653653654 9.363489589693511
-3.633633633633634 9.077879897586568
-3.613613613613614 8.78038047417451
-3.593593593593594 8.471626360317567
-3.573573573573573 8.152266117321695
-3.553553553553553 7.8229605410313034
-3.533533533533533 7.484381363951445
-3.513513513513513 7.137209947862724
-3.493493493493493 6.782135969394116
-3.473473473473473 6.419856101016984
-3.453453453453453 6.051072689916816
-3.433433433433433 5.67649243718804
-3.413413413413413 5.29682507978165
-3.393393393393393 4.912782077615378
-3.373373373373373 4.52507530823179
-3.353353353353353 4.134415771361033
-3.333333333333333 3.7415123057121913
-3.313313313313313 3.347070320280189
-3.293293293293293 2.9517905424142543
-3.273273273273273 2.5563677848489945
-3.253253253253253 2.1614897338503893
-3.233233233233233 1.7678357605765107
-3.213213213213213 1.3760757576966496
-3.193193193193193 0.9868690032529415
-3.173173173173173 0.6008630536855782
-3.153153153153153 0.2186926678764834
-3.133133133133133 -0.15902123600300128
-3.113113113113113 -0.531672589127155
-3.093093093093093 -0.898671144495475
-3.073073073073073 -1.2594434116964224
-3.053053053053053 -1.613433552475169
-3.033033033033033 -1.9601042357077971
-3.013013013013013 -2.2989374504691984
-2.992992992992993 -2.629435275968695
-2.972972972972973 -2.951120607216068
-2.952952952952953 -3.263537835370952
-2.932932932932933 -3.566253481820385
-2.9129129129129128 -3.85885678512238
-2.8928928928928928 -4.140960240047653
-2.8728728728728727 -4.412200088046837
-2.8528528528528527 -4.672236758566471
-2.8328328328328327 -4.920755260733627
-2.8128128128128127 -5.1574655250259855
-2.7927927927927927 -5.382102694641374
-2.7727727727727727 -5.594427366377999
-2.7527527527527527 -5.7942257809336795
-2.7327327327327327 -5.981309962629154
-2.7127127127127126 -6.155517808656783
-2.6926926926926926 -6.31671312805154
-2.6726726726726726 -6.4647856306758715
-2.6526526526526526 -6.5996508666037155
-2.6326326326326326 -6.721250116381391
-2.6126126126126126 -6.8295502327341975
-2.5925925925925926 -6.92454343437708
-2.5725725725725725 -7.006247052675582
-2.5525525525525525 -7.074703231989285
-2.5325325325325325 -7.12997858461388
-2.5125125125125125 -7.17216380131984
-2.4924924924924925 -7.201373218565124
-2.4724724724724725 -7.217744343536391
-2.4524524524524525 -7.221437338247637
-2.4324324324324325 -7.212634463996876
-2.4124124124124124 -7.191539487550396
-2.3923923923923924 -7.158377050490007
-2.3723723723723724 -7.113392003221541
-2.3523523523523524 -7.056848705202553
-2.3323323323323324 -6.989030293003469
-2.3123123123123124 -6.910237917869529
-2.2922922922922924 -6.820789954500301
-2.2722722722722724 -6.721021182809586
-2.2522522522522523 -6.611281944470897
-2.2322322322322323 -6.491937276092357
-2.2122122122122123 -6.363366020899808
-2.1921921921921923 -6.225959920838084
-2.1721721721721723 -6.08012269102766
-2.1521521521521523 -5.926269078537378
-2.1321321321321323 -5.7648239074533825
-2.1121121121121122 -5.596221112240076
-2.0920920920920922 -5.420902761400467
-2.0720720720720722 -5.239318073451034
-2.052052052052052 -5.051922427229922
-2.032032032032032 -4.859176368557119
-2.012012012012012 -4.661544615261095
-1.9919919919919913 -4.45949506257836
-1.9719719719719713 -4.253497790920539
-1.9519519519519513 -4.044024077987607
-1.9319319319319312 -3.8315454171866996
-1.9119119119119112 -3.616532544292333
-1.8918918918918912 -3.399454474257017
-1.8718718718718712 -3.1807775500506734
-1.8518518518518512 -2.9609645053730427
-1.8318318318318312 -2.7404735430457494
-1.8118118118118112 -2.519757430849609
-1.7917917917917912 -2.299262616528551
-1.7717717717717711 -2.0794283636339936
-1.7517517517517511 -1.860685909832966
-1.7317317317317311 -1.6434576492497004
-1.711711711711711 -1.4281563403539932
-1.691691691691691 -1.2151843408504526
-1.671671671671671 -1.0049328709609529
-1.651651651651651 -0.7977813064283014
-1.631631631631631 -0.5940965025024725
-1.611611611611611 -0.3942321501018509
-1.591591591591591 -0.19852816527096334
-1.571571571571571 -0.007310112983243797
-1.551551551551551 0.17911133373732788
-1.531531531531531 0.36044089847823507
-1.511511511511511 0.5363991690644425
-1.491491491491491 0.7067230274079584
-1.471471471471471 0.8711660409208245
-1.451451451451451 1.0294988149127717
-1.431431431431431 1.181509305476991
-1.411411411411411 1.3270030924503595
-1.391391391391391 1.4658036121178835
-1.3713713713713709 1.5977523494148849
-1.3513513513513509 1.7227089894644332
-1.3313313313313309 1.840551528371513
-1.3113113113113108 1.9511763432792724
-1.2912912912912908 2.0544982217762504
-1.2712712712712708 2.1504503508265755
-1.2512512512512508 2.238984265477582
-1.2312312312312308 2.320069757680967
-1.2112112112112108 2.3936947456443445
-1.1911911911911908 2.4598651042096704
-1.1711711711711708 2.5186044568333887
-1.1511511511511507 2.5699539298201133
-1.1311311311311307 2.6139718695370604
-1.1111111111111107 2.6507335234101648
-1.0910910910910907 2.680330685574669
-1.0710710710710707 2.7028713081228783
-1.0510510510510507 2.7184790789595246
-1.0310310310310307 2.7272929673407575
-1.0110110110110107 2.7294667382359115
-0.9909909909909906 2.7251684367119173
-0.9709709709709706 2.7145798435982855
-0.9509509509509506 2.697895903746005
-0.9309309309309306 2.675324128246226
-0.9109109109109106 2.647083972024294
-0.8908908908908906 2.6134061882713304
-0.8708708708708706 2.5745321612191394
-0.8508508508508505 2.530713218804607
-0.8308308308308305 2.482209926806928
-0.8108108108108105 2.4292913660748363
-0.7907907907907905 2.372234394491482
-0.7707707707707705 2.3113228953516685
-0.7507507507507505 2.246847013849724
-0.7307307307307305 2.179102383396351
-0.7107107107107105 2.108389343499323
-0.6906906906906904 2.035012150955826
-0.6706706706706704 1.9592781861136106
-0.6506506506506504 1.8814971559638454
-0.6306306306306304 1.8019802958307125
-0.6106106106106104 1.721039571421288
-0.5905905905905904 1.6389868829941838
-0.5705705705705704 1.556133273396745
-0.5505505505505504 1.472788141708373
-0.5305305305305303 1.3892584642117678
-0.5105105105105103 1.3058480243946144
-0.4904904904904903 1.2228566536615175
-0.4704704704704703 1.140579484409848
-0.4504504504504503 1.0593062170936887
-0.4304304304304303 0.9793204028672896
-0.41041041041041026 0.9008987433634611
-0.39039039039039025 0.8243104091231881
-0.37037037037037024 0.749816378150568
-0.3503503503503502 0.6776687960219918
-0.3303303303303302 0.608110358930447
-0.3103103103103102 0.5413737209949796
-0.2902902902902902 0.4776809271118452
-0.2702702702702702 0.4172428725677944
-0.25025025025025016 0.3602587905773978
-0.23023023023023015 0.306915768845448
-0.21021021021021014 0.25738829619238207
-0.19019019019019012 0.2118378402154996
-0.1701701701701701 0.1704124568916237
-0.1501501501501501 0.13324643295790706
-0.13013013013013008 0.10045996183686291
-0.11011011011011007 0.07215885379953786
-0.09009009009009006 0.04843428098719249
-0.07007007007007005 0.029362557837056793
-0.05005005005005003 0.015004957381837715
-0.03003003003003002 0.005407563815823207
-0.010010010010010006 0.0006011616428070109
0.010010010010010006 0.0006011616428070109
0.03003003003003002 0.005407563815823207
0.05005005005005003 0.015004957381837715
0.07007007007007005 0.029362557837056793
0.09009009009009006 0.04843428098719249
0.11011011011011007 0.07215885379953786
0.13013013013013008 0.10045996183686291
0.1501501501501501 0.13324643295790706
0.1701701701701701 0.1704124568916237
0.19019019019019012 0.2118378402154996
0.21021021021021014 0.25738829619238207
0.23023023023023015 0.306915768845448
0.25025025025025016 0.3602587905773978
0.2702702702702702 0.4172428725677944
0.2902902902902902 0.4776809271118452
0.3103103103103102 0.5413737209949796
0.3303303303303302 0.608110358930447
0.3503503503503502 0.6776687960219918
0.37037037037037024 0.749816378150568
0.39039039039039025 0.8243104091231881
0.41041041041041026 0.9008987433634611
0.4304304304304303 0.9793204028672896
0.4504504504504503 1.0593062170936887
0.4704704704704703 1.140579484409848
0.4904904904904903 1.2228566536615175
0.5105105105105103 1.3058480243946144
0.5305305305305303 1.3892584642117678
0.5505505505505504 1.472788141708373
0.5705705705705704 1.556133273396745
0.5905905905905904 1.6389868829941838
0.6106106106106104 1.721039571421288
0.6306306306306304 1.8019802958307125
0.6506506506506504 1.8814971559638454
0.6706706706706704 1.9592781861136106
0.6906906906906904 2.035012150955826
0.7107107107107105 2.108389343499323
0.7307307307307305 2.179102383396351
0.7507507507507505 2.246847013849724
0.7707707707707705 2.3113228953516685
0.7907907907907905 2.372234394491482
0.8108108108108105 2.4292913660748363
0.8308308308308305 2.482209926806928
0.8508508508508505 2.530713218804607
0.8708708708708706 2.5745321612191394
0.8908908908908906 2.6134061882713304
0.9109109109109106 2.647083972024294
0.9309309309309306 2.675324128246226
0.9509509509509506 2.697895903746005
0.9709709709709706 2.7145798435982855
0.9909909909909906 2.7251684367119173
1.0110110110110107 2.7294667382359115
1.0310310310310307 2.7272929673407575
1.0510510510510507 2.7184790789595246
1.0710710710710707 2.7028713081228783
1.0910910910910907 2.680330685574669
1.1111111111111107 2.6507335234101648
1.1311311311311307 2.6139718695370604
1.1511511511511507 2.5699539298201133
1.1711711711711708 2.5186044568333887
1.1911911911911908 2.4598651042096704
1.2112112112112108 2.3936947456443445
1.2312312312312308 2.320069757680967
1.2512512512512508 2.238984265477582
1.2712712712712708 2.1504503508265755
1.2912912912912908 2.0544982217762504
1.3113113113113108 1.9511763432792724
1.3313313313313309 1.840551528371513
1.3513513513513509 1.7227089894644332
1.3713713713713709 1.5977523494148849
1.391391391391391 1.4658036121178835
1.411411411411411 1.3270030924503595
1.431431431431431 1.181509305476991
1.451451451451451 1.0294988149127717
1.471471471471471 0.8711660409208245
1.491491491491491 0.7067230274079584
1.511511511511511 0.5363991690644425
1.531531531531531 0.36044089847823507
1.551551551551551 0.17911133373732788
1.571571571571571 -0.007310112983243797
1.591591591591591 -0.19852816527096334
1.611611611611611 -0.3942321501018509
1.631631631631631 -0.5940965025024725
1.651651651651651 -0.7977813064283014
1.671671671671671 -1.0049328709609529
1.691691691691691 -1.2151843408504526
1.711711711711711 -1.4281563403539932
1.7317317317317311 -1.6434576492497004
1.7517517517517511 -1.860685909832966
1.7717717717717711 -2.0794283636339936
1.7917917917917912 -2.299262616528551
1.8118118118118112 -2.519757430849609
1.8318318318318312 -2.7404735430457494
1.8518518518518512 -2.9609645053730427
1.8718718718718712 -3.1807775500506734
1.8918918918918912 -3.399454474257017
1.9119119119119112 -3.616532544292333
1.9319319319319312 -3.8315454171866996
1.9519519519519513 -4.044024077987607
1.9719719719719713 -4.253497790920539
1.9919919919919913 -4.45949506257836
2.0120120120120113 -4.661544615261086
2.0320320320320313 -4.85917636855711
2.0520520520520513 -5.051922427229914
2.0720720720720713 -5.239318073451026
2.0920920920920913 -5.420902761400459
2.1121121121121114 -5.596221112240068
2.1321321321321314 -5.764823907453375
2.1521521521521514 -5.926269078537371
2.1721721721721714 -6.080122691027654
2.1921921921921914 -6.225959920838077
2.2122122122122114 -6.363366020899803
2.2322322322322314 -6.491937276092352
2.2522522522522515 -6.611281944470893
2.2722722722722715 -6.721021182809581
2.2922922922922915 -6.820789954500296
2.3123123123123115 -6.910237917869526
2.3323323323323315 -6.989030293003466
2.3523523523523515 -7.05684870520255
2.3723723723723715 -7.11339200322154
2.3923923923923915 -7.158377050490005
2.4124124124124116 -7.191539487550395
2.4324324324324316 -7.212634463996875
2.4524524524524516 -7.221437338247637
2.4724724724724716 -7.217744343536391
2.4924924924924916 -7.2013732185651245
2.5125125125125116 -7.172163801319842
2.5325325325325316 -7.129978584613882
2.5525525525525516 -7.074703231989287
2.5725725725725717 -7.006247052675585
2.5925925925925917 -6.9245434343770835
2.6126126126126117 -6.829550232734202
2.6326326326326317 -6.7212501163813965
2.6526526526526517 -6.599650866603721
2.6726726726726717 -6.464785630675877
2.6926926926926917 -6.316713128051546
2.7127127127127117 -6.15551780865679
2.7327327327327318 -5.981309962629161
2.7527527527527518 -5.794225780933687
2.772772772772772 -5.5944273663780075
2.792792792792792 -5.382102694641383
2.812812812812812 -5.157465525025994
2.8328328328328336 -4.920755260733617
2.8528528528528536 -4.67223675856646
2.8728728728728736 -4.412200088046824
2.8928928928928936 -4.140960240047639
2.9129129129129137 -3.8588567851223665
2.9329329329329337 -3.5662534818203717
2.9529529529529537 -3.263537835370938
2.9729729729729737 -2.9511206072160534
2.9929929929929937 -2.6294352759686808
3.0130130130130137 -2.2989374504691833
3.0330330330330337 -1.960104235707782
3.0530530530530537 -1.6134335524751533
3.0730730730730738 -1.2594434116964066
3.0930930930930938 -0.8986711444954587
3.113113113113114 -0.5316725891271386
3.133133133133134 -0.1590212360029846
3.153153153153154 0.21869266787650024
3.173173173173174 0.6008630536855952
3.193193193193194 0.9868690032529586
3.213213213213214 1.3760757576966667
3.233233233233234 1.767835760576528
3.253253253253254 2.1614897338504067
3.273273273273274 2.556367784849012
3.293293293293294 2.951790542414272
3.313313313313314 3.347070320280206
3.333333333333334 3.741512305712208
3.353353353353354 4.13441577136105
3.373373373373374 4.525075308231807
3.393393393393394 4.912782077615395
3.413413413413414 5.296825079781665
3.433433433433434 5.676492437188056
3.453453453453454 6.051072689916832
3.473473473473474 6.419856101017
3.493493493493494 6.782135969394131
3.513513513513514 7.13720994786274
3.533533533533534 7.48438136395146
3.553553553553554 7.822960541031318
3.573573573573574 8.152266117321709
3.593593593593594 8.471626360317567
3.613613613613614 8.78038047417451
3.633633633633634 9.077879897586568
3.653653653653654 9.363489589693511
3.673673673673674 9.636589301561669
3.693693693693694 9.896574830793751
3.713713713713714 10.14285925683913
3.733733733733734 10.374874154596773
3.753753753753754 10.5920707839282
3.773773773773774 10.793921252727468
3.7937937937937942 10.979919651229494
3.8138138138138142 11.149583155276556
3.8338338338338342 11.302453096305921
3.8538538538538543 11.438095995868899
3.8738738738738743 11.556104562543233
3.8938938938938943 11.656098649156633
3.9139139139139143 11.737726168299146
3.9339339339339343 11.800663964166105
3.9539539539539543 11.84461863884122
3.9739739739739743 11.869327331201161
3.9939939939939944 11.874558446698385
4.014014014014014 11.86011233635799
4.034034034034034 11.825821923406808
4.054054054054054 11.77155327603884
4.074074074074074 11.697206124910034
4.094094094094094 11.6027143240475
4.114114114114114 11.488046253953131
4.134134134134134 11.35320516577927
4.1541541541541545 11.198229465554228
4.1741741741741745 11.02319293753811
4.1941941941941945 10.828204905894147
4.2142142142142145 10.613410333967668
4.2342342342342345 10.37898986057347
4.2542542542542545 10.125159772802764
4.2742742742742745 9.852171914972756
4.2942942942942945 9.56031353345491
4.314314314314315 9.249907057232338
4.334334334334335 8.92130981415167
4.354354354354355 8.574913682950625
4.374374374374375 8.211144681258693
4.394394394394395 7.830462489884791
4.414414414414415 7.433359913822396
4.434434434434435 7.020362280518904
4.454454454454455 6.59202677607211
4.474474474474475 6.148941720132052
4.494494494494495 5.691725780401133
4.514514514514515 5.221027127739097
4.534534534534535 4.737522532991861
4.554554554554555 4.24191640677422
4.574574574574575 3.734939783545849
4.594594594594595 3.2173492514275988
4.614614614614615 2.689925829310623
4.634634634634635 2.153473792914192
4.654654654654655 1.6088194515489356
4.674674674674675 1.056809877440545
4.694694694694695 0.4983115895644264
4.714714714714715 -0.06579080596570783
4.734734734734735 -0.6345960168230126
4.754754754754755 -1.2071875044881728
4.774774774774775 -1.7826349610648191
4.794794794794795 -2.3599958205101688
4.814814814814815 -2.9383168018264203
4.834834834834835 -3.5166354816874494
4.854854854854855 -4.0939818939085315
4.874874874874875 -4.669380153104241
4.894894894894895 -5.241850099821515
4.914914914914915 -5.810408964381234
4.934934934934935 -6.37407304661266
4.954954954954955 -6.931859408620858
4.974974974974975 -7.482787577687798
4.994994994994995 -8.02588125637342
5.015015015015015 -8.56017003685349
5.035035035035035 -9.084691116506818
5.055055055055055 -9.598491011745201
5.075075075075075 -10.10062726706562
5.095095095095095 -10.590170156295509
5.115115115115115 -11.066204372998685
5.135135135135135 -11.527830707011534
5.155155155155155 -11.974167704086415
5.175175175175175 -12.404353305632169
5.195195195195195 -12.817546465559628
5.215215215215215 -13.212928741263761
5.235235235235235 -13.589705855802867
5.255255255255255 -13.947109228369593
5.275275275275275 -14.284397470188056
5.295295295295295 -14.600857843016168
5.315315315315315 -14.895807677482326
5.335335335335335 -15.168595748540694
5.355355355355355 -15.418603605389631
5.375375375375375 -15.645246853262849
5.395395395395395 -15.847976384573183
5.415415415415415 -16.02627955696348
5.435435435435435 -16.17968131589888
5.455455455455455 -16.30774525951863
5.475475475475475 -16.410074643554385
5.495495495495495 -16.48631332421445
5.515515515515515 -16.53614663703068
5.535535535535535 -16.559302209765555
5.555555555555555 -16.55555070758184
5.575575575575575 -16.524706508785705
5.595595595595595 -16.466628309566172
5.615615615615615 -16.381219656269085
5.635635635635635 -16.26842940386225
5.655655655655655 -16.128252099369718
5.675675675675675 -15.96072828917738
5.6956956956956954 -15.76594474923868
5.7157157157157155 -15.54403463733817
5.7357357357357355 -15.295177566701852
5.7557557557557555 -15.019599600376093
5.7757757757757755 -14.717573165931622
5.7957957957957955 -14.389416890185181
5.8158158158158155 -14.035495353768713
5.8358358358358355 -13.656218765514126
5.8558558558558556 -13.252042556760818
5.875875875875876 -12.823466895832464
5.895895895895896 -12.371036123069437
5.915915915915916 -11.89533810694287
5.935935935935936 -11.39700352191595
5.955955955955956 -10.876705048857021
5.975975975975976 -10.335156498947397
5.995995995995996 -9.773111862164095
6.016016016016017 -9.191364281553799
6.0360360360360374 -8.59074495464941
6.0560560560560575 -7.972121963512358
6.0760760760760775 -7.33639903501677
6.0960960960960975 -6.684514233118623
6.1161161161161175 -6.017438584980537
6.1361361361361375 -5.336174642946363
6.1561561561561575 -4.6417549844807064
6.1761761761761775 -3.9352406523064136
6.1961961961961975 -3.217719537087635
6.216216216216218 -2.490304705117103
6.236236236236238 -1.7541326735736174
6.256256256256258 -1.0103616360191157
6.276276276276278 -0.2601696409039821
6.296296296296298 0.4952472740558
6.316316316316318 1.2546769886755846
6.336336336336338 2.016893245233249
6.356356356356358 2.7806576284138553
6.376376376376378 3.5447215770710865
6.396396396396398 4.307828424537993
6.416416416416418 5.068715464154133
6.436436436436438 5.826116036616159
6.456456456456458 6.578761635704484
6.476476476476478 7.325384028889871
6.496496496496498 8.06471738928086
6.516516516516518 8.795500435335871
6.536536536536538 9.516478574732735
6.556556556556558 10.226406048763439
6.576576576576578 10.924048073602927
6.596596596596598 11.608182974788221
6.616616616616618 12.277604311237566
6.636636636636638 12.931122985139297
6.656656656656658 13.567569334046151
6.676676676676678 14.185795201523318
6.696696696696698 14.784675982717312
6.716716716716718 15.363112641237871
6.736736736736738 15.92003369377657
6.756756756756758 16.454397158923573
6.776776776776778 16.96519246668787
6.796796796796798 17.451442325276624
6.816816816816818 17.912204541745464
6.836836836836838 18.346573793194004
6.856856856856858 18.753683345249204
6.876876876876878 19.132706714653423
6.896896896896898 19.482859272854128
6.916916916916918 19.80339978757785
6.936936936936938 20.09363189946231
6.956956956956958 20.352905530917333
6.976976976976978 20.580618224487086
6.996996996996998 20.776216408093315
7.017017017017018 20.93919658465132
7.037037037037038 21.069106443667188
7.057057057057058 21.165545892546326
7.077077077077078 21.228168005469183
7.097097097097098 21.256679887820155
7.117117117117118 21.25084345428976
7.137137137137138 21.21047611890814
7.157157157157158 21.135451395409447
7.177177177177178 21.025699406471496
7.197197197197198 20.881207300523087
7.217217217217218 20.702019574962325
7.237237237237238 20.488238304782648
7.257257257257258 20.24002327575933
7.277277277277278 19.95759202150714
7.297297297297298 19.641219763879754
7.317317317317318 19.29123925634306
7.337337337337338 18.908040530117294
7.357357357357358 18.492070543046776
7.377377377377378 18.043832731320848
7.397397397397398 17.563886464334594
7.417417417417418 17.052846403143512
7.437437437437438 16.511381763131492
7.457457457457458 15.940215481676638
7.477477477477478 15.34012329176374
7.497497497497498 14.711932702655702
7.517517517517518 14.056521888898617
7.537537537537538 13.374818489095972
7.557557557557558 12.66779831604648
7.577577577577578 11.936483979997263
7.5975975975975985 11.18194342691872
7.6176176176176185 10.405288393859683
7.6376376376376385 9.607672783590818
7.6576576576576585 8.790290960890376
7.6776776776776785 7.954375972969408
7.6976976976976985 7.101197696672633
7.7177177177177185 6.232060915226646
7.7377377377377385 5.348303327438281
7.7577577577577586 4.451293492372906
7.777777777777779 3.542428712664595
7.797797797797799 2.6231328597276797
7.817817817817819 1.6948541442514864
7.837837837837839 0.759062835467289
7.857857857857859 -0.1827510672218371
7.877877877877879 -1.1290802065615213
7.897897897897899 -2.0784022799400184
7.917917917917919 -3.029182488194408
7.937937937937939 -3.9798760167899268
7.957957957957959 -4.92893054536159
7.977977977977979 -5.874788781542112
7.997997997997999 -6.8158910149414975
8.018018018018019 -7.750677687091904
8.038038038038039 -8.67759197312636
8.058058058058059 -9.59508237092196
8.078078078078079 -10.50160529340713
8.098098098098099 -11.395627659708847
8.118118118118119 -12.275629480798957
8.138138138138139 -13.14010643528944
8.158158158158159 -13.987572431024438
8.178178178178179 -14.816562148122054
8.198198198198199 -15.625633559131659
8.218218218218219 -16.41337042199231
8.238238238238239 -17.178384741505415
8.258258258258259 -17.91931919506923
8.278278278278279 -18.63484951846501
8.298298298298299 -19.32368684753367
8.318318318318319 -19.98458001163848
8.338338338338339 -20.616317774872776
8.358358358358359 -21.217731021042383
8.378378378378379 -21.787694878530175
8.398398398398399 -22.325130781234595
8.418418418418419 -22.829008461865183
8.438438438438439 -23.29834787397626
8.458458458458459 -23.732221039223944
8.478478478478479 -24.129753816442673
8.498498498498499 -24.490127589254033
8.518518518518519 -24.81258086904368
8.538538538538539 -25.09641081027068
8.558558558558559 -25.340974635208
8.578578578578579 -25.545690965352392
8.598598598598599 -25.710041056886933
8.618618618618619 -25.8335699377292
8.63863863863864 -25.91588744385271
8.65865865865866 -25.956669152728242
8.67867867867868 -25.955657211895083
8.6986986986987 -25.912661060839348
8.71871871871872 -25.82755804452767
8.73873873873874 -25.700293917118962
8.75875875875876 -25.530883234554484
8.77877877877878 -25.319409634906958
8.7987987987988 -25.066026005552658
8.81881881881882 -24.770954536415413
8.83883883883884 -24.434486658719127
8.85885885885886 -24.05698286887419
8.87887887887888 -23.638872437313506
8.8988988988989 -23.18065300228533
8.91891891891892 -22.682890048802133
8.93893893893894 -22.146216273137277
8.95895895895896 -21.57133083345383
8.97897897897898 -20.958998487342225
8.998998998999 -20.310048617235307
9.01901901901902 -19.625374144860093
9.03903903903904 -18.905930336075382
9.05905905905906 -18.152733497632457
9.07907907907908 -17.366859567582313
9.0990990990991 -16.549442601237217
9.11911911911912 -15.701673154775724
9.13913913913914 -14.824796568759329
9.15915915915916 -13.92011115400449
9.17917917917918 -12.988966282426102
9.1991991991992 -12.032760385637047
9.21921921921922 -11.052938864252905
9.23923923923924 -10.05099191101123
9.25925925925926 -9.02845225097032
9.27927927927928 -7.986892802203215
9.2992992992993 -6.927924260548229
9.31931931931932 -5.853192612117519
9.33933933933934 -4.764376577399738
9.35935935935936 -3.6631849909214464
9.37937937937938 -2.551354120554407
9.3993993993994 -1.430644930672063
9.41941941941942 -0.30284029346796865
9.43943943943944 0.8302578471483002
9.45945945945946 1.966831354566483
9.47947947947948 3.1050488168023955
9.4994994994995 4.243068497455058
9.51951951951952 5.379041315539439
9.53953953953954 6.511113849374017
9.55955955955956 7.637431359644106
9.57957957957958 8.756140826711569
9.5995995995996 9.865393997199286
9.61961961961962 10.963350434844536
9.63963963963964 12.048180570589539
9.65965965965966 13.118068746859835
9.67967967967968 14.171216250971732
9.6996996996997 15.20584433260932
9.71971971971972 16.22019720031898
9.73973973973974 17.212544991985332
9.75975975975976 18.181186714276983
9.77977977977978 19.12445314608323
9.7997997997998 20.04070970100432
9.81981981981982 20.928359244007197
9.83983983983984 21.78584485741694
9.85985985985986 22.611652551480066
9.87987987987988 23.404313914810302
9.8998998998999 24.162408700109914
9.91991991991992 24.884567340649948
9.93993993993994 25.569473393091094
9.95995995995996 26.215865902332727
9.97997997997998 26.822541684191123
10.0 27.38835752182883
10.02002002002002 27.91223227198509
