-0.999 -31.46884052098569
-0.998 -22.143134795964595
-0.997 -17.991169426398155
-0.996 -15.50416718364716
-0.995 -13.798894408299782
-0.994 -12.534208043316166
-0.993 -11.546730973410588
-0.992 -10.747089518977944
-0.991 -10.081718864859818
-0.99 -9.516295840104359
-0.989 -9.027671417440654
-0.988 -8.599587140701532
-0.987 -8.220242063660306
-0.986 -7.880833894077604
-0.985 -7.5746444642909365
-0.984 -7.296444664438472
-0.983 -7.0420947808013645
-0.982 -6.808268649646537
-0.981 -6.592258693270741
-0.98 -6.391835217217898
-0.979 -6.205142973063644
-0.978 -6.030623852869521
-0.977 -5.866958252143555
-0.976 -5.713019994776752
-0.975 -5.5678412605778735
-0.974 -5.430584992441503
-0.973 -5.300522967282627
-0.972 -5.177018205408632
-0.971 -5.059510738539533
-0.97 -4.947506003530426
-0.969 -4.840565307485281
-0.968 -4.738297940783652
-0.967 -4.640354611435053
-0.966 -4.546421946680038
-0.965 -4.456217862537809
-0.964 -4.36948764376503
-0.963 -4.2860006088028975
-0.962 -4.205547259177041
-0.961 -4.127936832247868
-0.96 -4.052995191490429
-0.959 -3.9805630005797226
-0.958 -3.9104941371940654
-0.957 -3.8426543101716915
-0.956 -3.7769198498797087
-0.955 -3.71317664669759
-0.954 -3.651319216624677
-0.953 -3.591249876382579
-0.952 -3.5328780131472515
-0.951 -3.476119436328074
-0.95 -3.420895800704479
-0.949 -3.367134091807169
-0.948 -3.3147661657489627
-0.947 -3.2637283368162455
-0.946 -3.2139610070632787
-0.945 -3.1654083329386395
-0.944 -3.1180179246401902
-0.943 -3.0717405744624275
-0.942 -3.0265300108840925
-0.941 -2.982342675558085
-0.94 -2.9391375207210477
-0.9390000000000001 -2.8968758248457034
-0.938 -2.8555210246226985
-0.937 -2.815038561586924
-0.9359999999999999 -2.775395741900672
-0.935 -2.736561607978267
-0.9339999999999999 -2.698506820785907
-0.933 -2.661203551781666
-0.9319999999999999 -2.6246253835742994
-0.931 -2.5887472184802283
-0.9299999999999999 -2.5535451942455736
-0.929 -2.518996606278038
-0.9279999999999999 -2.4850798358012547
-0.927 -2.451774283405041
-0.926 -2.4190603075179165
-0.925 -2.3869191673760364
-0.924 -2.35533297010436
-0.923 -2.3242846215635256
-0.922 -2.2937577806490976
-0.921 -2.2637368167596184
-0.92 -2.234206770176486
-0.919 -2.205153315122435
-0.918 -2.176562725286726
-0.917 -2.1484218416243035
-0.916 -2.1207180422533254
-0.915 -2.0934392142910156
-0.914 -2.0665737274816696
-0.913 -2.040110409483288
-0.912 -2.0140385226906337
-0.911 -1.9883477424828206
-0.91 -1.9630281367928517
-0.909 -1.9380701469049537
-0.908 -1.9134645693932395
-0.907 -1.8892025391221687
-0.906 -1.865275513235638
-0.905 -1.8416752560672736
-0.904 -1.8183938249097817
-0.903 -1.795423556585984
-0.902 -1.7727570547685694
-0.901 -1.7503871779995825
-0.9 -1.728307028364347
-0.899 -1.7065099407778648
-0.898 -1.6849894728448245
-0.897 -1.6637393952571722
-0.896 -1.6427536826957758
-0.895 -1.6220265052051317
-0.894 -1.6015522200122136
-0.893 -1.5813253637626243
-0.892 -1.5613406451490262
-0.891 -1.5415929379085989
-0.89 -1.5220772741677844
-0.889 -1.5027888381141208
-0.888 -1.4837229599762394
-0.887 -1.4648751102944157
-0.886 -1.446240894465181
-0.885 -1.4278160475445771
-0.884 -1.4095964292956618
-0.883 -1.3915780194667398
-0.882 -1.3737569132877043
-0.881 -1.3561293171726196
-0.88 -1.3386915446174585
-0.879 -1.321440012282555
-0.878 -1.3043712362499909
-0.877 -1.2874818284467375
-0.876 -1.2707684932248982
-0.875 -1.2542280240909451
-0.874 -1.2378573005763092
-0.873 -1.221653285242128
-0.872 -1.205613020811393
-0.871 -1.1897336274220973
-0.87 -1.1740122999954068
-0.869 -1.1584463057131467
-0.868 -1.1430329815992843
-0.867 -1.1277697322003521
-0.866 -1.1126540273600334
-0.865 -1.0976834000834286
-0.864 -1.0828554444867278
-0.863 -1.0681678138282749
-0.862 -1.053618218617214
-0.861 -1.039204424796126
-0.86 -1.0249242519942237
-0.859 -1.0107755718479008
-0.858 -0.9967563063855607
-0.857 -0.9828644264738279
-0.856 -0.9690979503223975
-0.855 -0.9554549420449033
-0.854 -0.9419335102733462
-0.853 -0.9285318068237151
-0.852 -0.9152480254105883
-0.851 -0.9020804004085784
-0.85 -0.8890272056586221
-0.849 -0.8760867533171883
-0.848 -0.8632573927465964
-0.847 -0.8505375094446973
-0.846 -0.8379255240122909
-0.845 -0.8254198911566867
-0.844 -0.8130190987299348
-0.843 -0.8007216668002967
-0.842 -0.7885261467555944
-0.841 -0.7764311204371571
-0.84 -0.764435199303126
-0.839 -0.7525370236199463
-0.838 -0.7407352616809216
-0.837 -0.7290286090507705
-0.836 -0.717415787835151
-0.835 -0.7058955459741858
-0.834 -0.6944666565590663
-0.833 -0.6831279171708232
-0.832 -0.6718781492404372
-0.831 -0.6607161974294626
-0.83 -0.6496409290303898
-0.829 -0.638651233386015
-0.828 -0.6277460213270837
-0.827 -0.6169242246275486
-0.826 -0.6061847954767826
-0.825 -0.5955267059681209
-0.8240000000000001 -0.5849489476031411
-0.823 -0.5744505308110994
-0.8220000000000001 -0.5640304844829983
-0.821 -0.5536878555197186
-0.8200000000000001 -0.5434217083937694
-0.819 -0.5332311247241023
-0.8180000000000001 -0.523115202863614
-0.817 -0.5130730574987958
-0.8160000000000001 -0.5031038192611977
-0.815 -0.49320663435021495
-0.8140000000000001 -0.4833806641668782
-0.813 -0.47362508495820355
-0.812 -0.4639390874717998
-0.8109999999999999 -0.45432187662033086
-0.81 -0.4447726711555521
-0.8089999999999999 -0.43529070335154396
-0.808 -0.42587521869689293
-0.8069999999999999 -0.4165254755954624
-0.806 -0.40724074507553065
-0.8049999999999999 -0.39802031050695197
-0.804 -0.38886346732615396
-0.8029999999999999 -0.37976952276863696
-0.802 -0.37073779560880804
-0.8009999999999999 -0.36176761590684325
-0.8 -0.3528583247624135
-0.7989999999999999 -0.3440092740749997
-0.798 -0.3352198263106454
-0.7969999999999999 -0.326489354274875
-0.796 -0.31781724089166297
-0.7949999999999999 -0.30920287898818066
-0.794 -0.3006456710852212
-0.7929999999999999 -0.29214502919305374
-0.792 -0.2837003746126042
-0.791 -0.2753111377417401
-0.79 -0.2669767578865542
-0.789 -0.2586966830774623
-0.788 -0.25047036988997784
-0.787 -0.24229728327003075
-0.786 -0.23417689636368366
-0.785 -0.22610869035111758
-0.784 -0.21809215428476803
-0.783 -0.21012678493146952
-0.782 -0.20221208661851786
-0.781 -0.19434757108350986
-0.78 -0.18653275732786556
-0.779 -0.17876717147392074
-0.778 -0.17105034662548768
-0.777 -0.16338182273178659
-0.776 -0.15576114645464612
-0.775 -0.1481878710388821
-0.774 -0.14066155618577048
-0.773 -0.13318176792951564
-0.772 -0.12574807851663772
-0.771 -0.11836006628820117
-0.77 -0.11101731556478722
-0.769 -0.10371941653416095
-0.768 -0.0964659651415336
-0.767 -0.08925656298236428
-0.766 -0.08209081719762712
-0.765 -0.07496834037147282
-0.764 -0.06788875043122777
-0.763 -0.0608516705496559
-0.762 -0.05385672904943861
-0.761 -0.04690355930979606
-0.76 -0.03999179967520483
-0.759 -0.0331210933661511
-0.758 -0.026291088391866224
-0.757 -0.019501437464993554
-0.756 -0.012751797918133523
-0.755 -0.006041831622224048
-0.754 0.0006287950933043795
-0.753 0.007260411518627663
-0.752 0.01385334263993987
-0.751 0.020407909214217534
-0.75 0.02692442784237159
-0.749 0.03340321104084065
-0.748 0.039844567311655865
-0.747 0.04624880121101593
-0.746 0.05261621341641698
-0.745 0.05894710079236498
-0.744 0.0652417564547132
-0.743 0.07150046983365432
-0.742 0.07772352673540273
-0.741 0.08391120940259755
-0.74 0.09006379657346042
-0.739 0.09618156353973584
-0.738 0.10226478220344848
-0.737 0.10831372113249427
-0.736 0.11432864561511391
-0.735 0.12030981771325333
-0.734 0.12625749631485494
-0.733 0.13217193718509512
-0.732 0.13805339301659902
-0.731 0.143902113478651
-0.73 0.14971834526543415
-0.729 0.15550233214330988
-0.728 0.16125431499716558
-0.727 0.16697453187586098
-0.726 0.17266321803677276
-0.725 0.17832060598948352
-0.724 0.18394692553861258
-0.723 0.18954240382582777
-0.722 0.19510726537103995
-0.721 0.2006417321128101
-0.72 0.20614602344798605
-0.719 0.2116203562705783
-0.718 0.21706494500990092
-0.717 0.22248000166799498
-0.716 0.22786573585633374
-0.715 0.2332223548318566
-0.714 0.23855006353231167
-0.713 0.24384906461095146
-0.712 0.24911955847057632
-0.7110000000000001 0.2543617432969515
-0.71 0.25957581509161054
-0.7090000000000001 0.26476196770404126
-0.708 0.26992039286330693
-0.7070000000000001 0.2750512802090628
-0.706 0.28015481732203285
-0.7050000000000001 0.2852311897539128
-0.704 0.29028058105675203
-0.7030000000000001 0.29530317281179064
-0.702 0.30029914465779195
-0.7010000000000001 0.30526867431885674
-0.7 0.31021193763175425
-0.6990000000000001 0.3151291085727548
-0.698 0.32002035928400296
-0.6970000000000001 0.3248858600994069
-0.696 0.3297257795700933
-0.6950000000000001 0.33454028448939555
-0.694 0.33932953991742787
-0.6930000000000001 0.3440937092052092
-0.692 0.3488329540183872
-0.6910000000000001 0.3535474343605405
-0.69 0.3582373085960888
-0.6890000000000001 0.362902733472798
-0.688 0.36754386414391393
-0.687 0.3721608541899053
-0.6859999999999999 0.3767538556398511
-0.685 0.3813230189924479
-0.6839999999999999 0.38586849323668326
-0.683 0.3903904258721401
-0.6819999999999999 0.39488896292897924
-0.681 0.3993642489875704
-0.6799999999999999 0.40381642719781474
-0.679 0.4082456392981244
-0.6779999999999999 0.4126520256341113
-0.677 0.4170357251769441
-0.6759999999999999 0.42139687554142213
-0.675 0.4257356130037415
-0.6739999999999999 0.4300520725189756
-0.673 0.4343463877382657
-0.6719999999999999 0.43861869102574097
-0.671 0.4428691134751528
-0.6699999999999999 0.4470977849262508
-0.669 0.451304833980888
-0.6679999999999999 0.4554903880188727
-0.667 0.45965457321356135
-0.6659999999999999 0.4637975145472086
-0.665 0.46791933582606576
-0.6639999999999999 0.47202015969525074
-0.663 0.476100107653369
-0.6619999999999999 0.4801593000669181
-0.661 0.4841978561844522
-0.6599999999999999 0.4882158941505405
-0.659 0.49221353101948995
-0.6579999999999999 0.4961908827688712
-0.657 0.500148064312818
-0.6559999999999999 0.5040851895151406
-0.655 0.5080023712022135
-0.6539999999999999 0.511899721175687
-0.653 0.5157773502249858
-0.6519999999999999 0.519635368139632
-0.651 0.5234738837213642
-0.6499999999999999 0.527293004796089
-0.649 0.5310928382256346
-0.648 0.5348734899193439
-0.647 0.5386350648454761
-0.646 0.5423776670424496
-0.645 0.5461013996299089
-0.644 0.5498063648196316
-0.643 0.553492663926267
-0.642 0.5571603973779212
-0.641 0.5608096647265796
-0.64 0.564440564658381
-0.639 0.5680531950037357
-0.638 0.5716476527472977
-0.637 0.575224034037789
-0.636 0.5787824341976822
-0.635 0.5823229477327416
-0.634 0.5858456683414244
-0.633 0.5893506889241461
-0.632 0.5928381015924143
-0.631 0.596307997677828
-0.63 0.5997604677409483
-0.629 0.6031956015800439
-0.628 0.6066134882397087
-0.627 0.6100142160193591
-0.626 0.6133978724816094
-0.625 0.616764544460529
-0.624 0.6201143180697811
-0.623 0.6234472787106502
-0.622 0.6267635110799527
-0.621 0.6300630991778406
-0.62 0.6333461263154924
-0.619 0.6366126751226993
-0.618 0.639862827555344
-0.617 0.6430966649027784
-0.616 0.6463142677950969
-0.615 0.6495157162103087
-0.614 0.6527010894814145
-0.613 0.6558704663033835
-0.612 0.6590239247400355
-0.611 0.6621615422308296
-0.61 0.665283395597559
-0.609 0.6683895610509571
-0.608 0.6714801141972129
-0.607 0.6745551300443962
-0.606 0.6776146830088003
-0.605 0.6806588469211972
-0.604 0.6836876950330069
-0.603 0.6867013000223894
-0.602 0.6896997340002498
-0.601 0.6926830685161676
-0.6 0.6956513745642441
-0.599 0.698604722588875
-0.598 0.7015431824904457
-0.597 0.7044668236309486
-0.596 0.7073757148395348
-0.595 0.7102699244179819
-0.594 0.7131495201460993
-0.593 0.7160145692870575
-0.592 0.7188651385926532
-0.591 0.7217012943084979
-0.59 0.7245231021791492
-0.589 0.7273306274531671
-0.588 0.7301239348881113
-0.587 0.7329030887554704
-0.586 0.7356681528455286
-0.585 0.738419190472172
-0.584 0.7411562644776318
-0.583 0.7438794372371664
-0.5820000000000001 0.7465887706636858
-0.581 0.749284326212317
-0.5800000000000001 0.7519661648849085
-0.579 0.7546343472344852
-0.5780000000000001 0.7572889333696365
-0.577 0.7599299829588615
-0.5760000000000001 0.7625575552348478
-0.575 0.765171708998707
-0.5740000000000001 0.7677725026241492
-0.573 0.7703599940616134
-0.5720000000000001 0.7729342408423359
-0.571 0.7754953000823817
-0.5700000000000001 0.7780432284866129
-0.569 0.7805780823526187
-0.5680000000000001 0.783099917574589
-0.567 0.7856087896471464
-0.5660000000000001 0.788104753669127
-0.565 0.7905878643473176
-0.5640000000000001 0.7930581760001449
-0.563 0.7955157425613238
-0.562 0.7979606175834546
-0.5609999999999999 0.800392854241585
-0.56 0.8028125053367202
-0.5589999999999999 0.8052196232993004
-0.558 0.807614260192624
-0.5569999999999999 0.8099964677162439
-0.556 0.8123662972093095
-0.5549999999999999 0.8147237996538795
-0.554 0.8170690256781871
-0.5529999999999999 0.8194020255598725
-0.552 0.8217228492291713
-0.5509999999999999 0.8240315462720702
-0.55 0.8263281659334196
-0.5489999999999999 0.8286127571200179
-0.548 0.8308853684036472
-0.5469999999999999 0.8331460480240865
-0.546 0.8353948438920779
-0.5449999999999999 0.8376318035922674
-0.544 0.8398569743861023
-0.5429999999999999 0.8420704032147049
-0.542 0.8442721367017011
-0.5409999999999999 0.8464622211560269
-0.54 0.8486407025746942
-0.5389999999999999 0.8508076266455302
-0.538 0.8529630387498793
-0.5369999999999999 0.8551069839652812
-0.536 0.8572395070681088
-0.5349999999999999 0.859360652536186
-0.534 0.8614704645513659
-0.5329999999999999 0.8635689870020867
-0.532 0.8656562634858926
-0.5309999999999999 0.8677323373119309
-0.53 0.8697972515034158
-0.5289999999999999 0.8718510488000697
-0.528 0.8738937716605294
-0.5269999999999999 0.8759254622647333
-0.526 0.8779461625162737
-0.5249999999999999 0.8799559140447281
-0.524 0.8819547582079618
-0.5229999999999999 0.8839427360944043
-0.522 0.8859198885253005
-0.5209999999999999 0.8878862560569375
-0.52 0.8898418789828443
-0.519 0.891786797335969
-0.518 0.8937210508908298
-0.517 0.8956446791656438
-0.516 0.8975577214244302
-0.515 0.8994602166790908
-0.514 0.9013522036914681
-0.513 0.9032337209753792
-0.512 0.9051048067986291
-0.511 0.9069654991849971
-0.51 0.9088158359162094
-0.509 0.9106558545338795
-0.508 0.9124855923414377
-0.507 0.9143050864060308
-0.506 0.9161143735604058
-0.505 0.9179134904047713
-0.504 0.9197024733086381
-0.503 0.921481358412641
-0.502 0.9232501816303398
-0.501 0.9250089786499989
-0.5 0.9267577849363515
-0.499 0.9284966357323408
-0.498 0.9302255660608433
-0.497 0.9319446107263756
-0.496 0.9336538043167775
-0.495 0.9353531812048833
-0.494 0.93704277555017
-0.493 0.9387226213003877
-0.492 0.9403927521931789
-0.491 0.9420532017576684
-0.49 0.9437040033160493
-0.489 0.9453451899851412
-0.488 0.9469767946779378
-0.487 0.9485988501051361
-0.486 0.9502113887766468
-0.485 0.9518144430030929
-0.484 0.9534080448972888
-0.483 0.954992226375704
-0.482 0.9565670191599128
-0.481 0.9581324547780259
-0.48 0.9596885645661086
-0.479 0.9612353796695833
-0.478 0.9627729310446168
-0.477 0.9643012494594912
-0.476 0.9658203654959647
-0.475 0.9673303095506124
-0.474 0.9688311118361551
-0.473 0.970322802382776
-0.472 0.9718054110394191
-0.471 0.9732789674750767
-0.47 0.9747435011800623
-0.469 0.9761990414672711
-0.46799999999999997 0.9776456174734227
-0.46699999999999997 0.979083258160298
-0.46599999999999997 0.9805119923159554
-0.46499999999999997 0.9819318485559376
-0.46399999999999997 0.9833428553244667
-0.46299999999999997 0.9847450408956232
-0.46199999999999997 0.9861384333745152
-0.46099999999999997 0.987523060698434
-0.45999999999999996 0.9888989506379969
-0.45899999999999996 0.9902661307982785
-0.45799999999999996 0.9916246286199306
-0.45699999999999996 0.9929744713802876
-0.45599999999999996 0.994315686194463
-0.45499999999999996 0.9956483000164323
-0.45399999999999996 0.9969723396401056
-0.45299999999999996 0.9982878317003867
-0.45199999999999996 0.9995948026742231
-0.45099999999999996 1.0008932788816445
-0.44999999999999996 1.002183286486787
-0.44899999999999995 1.003464851498911
-0.44799999999999995 1.0047379997734056
-0.44699999999999995 1.0060027570127805
-0.44599999999999995 1.0072591487676517
-0.44499999999999995 1.0085072004377122
-0.44399999999999995 1.0097469372726957
-0.44299999999999995 1.010978384373326
-0.44199999999999995 1.0122015666922606
-0.44099999999999995 1.01341650903502
-0.43999999999999995 1.0146232360609106
-0.43899999999999995 1.0158217722839333
-0.43799999999999994 1.0170121420736868
-0.43699999999999994 1.0181943696562576
-0.43599999999999994 1.0193684791151019
-0.43499999999999994 1.0205344943919177
-0.43399999999999994 1.0216924392875055
-0.43299999999999994 1.0228423374626234
-0.43199999999999994 1.0239842124388303
-0.43099999999999994 1.025118087599317
-0.42999999999999994 1.0262439861897352
-0.42899999999999994 1.0273619313190103
-0.42799999999999994 1.028471945960149
-0.42699999999999994 1.029574052951037
-0.42599999999999993 1.0306682749952285
-0.42499999999999993 1.0317546346627244
-0.42399999999999993 1.0328331543907452
-0.42300000000000004 1.0339038564844913
-0.42200000000000004 1.0349667631179
-0.42100000000000004 1.0360218963343877
-0.42000000000000004 1.0370692780475883
-0.41900000000000004 1.0381089300420812
-0.41800000000000004 1.039140873974112
-0.41700000000000004 1.0401651313723017
-0.41600000000000004 1.041181723638355
-0.41500000000000004 1.0421906720477505
-0.41400000000000003 1.0431919977504318
-0.41300000000000003 1.0441857217714845
-0.41200000000000003 1.0451718650118087
-0.41100000000000003 1.0461504482487818
-0.41000000000000003 1.0471214921369139
-0.40900000000000003 1.0480850172084968
-0.40800000000000003 1.0490410438742417
-0.40700000000000003 1.049989592423914
-0.406 1.0509306830269554
-0.405 1.0518643357331032
-0.404 1.0527905704729985
-0.403 1.0537094070587891
-0.402 1.0546208651847229
-0.401 1.055524964427736
-0.4 1.0564217242480325
-0.399 1.0573111639896573
-0.398 1.05819330288106
-0.397 1.0590681600356553
-0.396 1.059935754452372
-0.395 1.0607961050161971
-0.394 1.0616492304987137
-0.393 1.0624951495586297
-0.392 1.0633338807423005
-0.391 1.0641654424842444
-0.39 1.0649898531076527
-0.389 1.0658071308248902
-0.388 1.0666172937379905
-0.387 1.0674203598391447
-0.386 1.0682163470111818
-0.385 1.0690052730280446
-0.384 1.0697871555552565
-0.383 1.0705620121503827
-0.382 1.0713298602634853
-0.381 1.0720907172375704
-0.38 1.0728446003090304
-0.379 1.0735915266080769
-0.378 1.0743315131591704
-0.377 1.0750645768814404
-0.376 1.0757907345891007
-0.375 1.0765100029918588
-0.374 1.0772223986953169
-0.373 1.0779279382013665
-0.372 1.0786266379085796
-0.371 1.0793185141125894
-0.37 1.080003583006467
-0.369 1.0806818606810913
-0.368 1.0813533631255126
-0.367 1.0820181062273084
-0.366 1.0826761057729366
-0.365 1.0833273774480752
-0.364 1.0839719368379657
-0.363 1.0846097994277406
-0.362 1.0852409806027503
-0.361 1.0858654956488825
-0.36 1.0864833597528727
-0.359 1.0870945880026135
-0.358 1.0876991953874524
-0.357 1.088297196798486
-0.356 1.0888886070288486
-0.355 1.0894734407739914
-0.354 1.090051712631959
-0.353 1.0906234371036574
-0.352 1.0911886285931156
-0.351 1.0917473014077421
-0.35 1.0922994697585757
-0.349 1.0928451477605265
-0.348 1.0933843494326143
-0.347 1.0939170886981995
-0.346 1.0944433793852066
-0.345 1.0949632352263425
-0.344 1.095476669859309
-0.34299999999999997 1.0959836968270062
-0.34199999999999997 1.0964843295777333
-0.34099999999999997 1.0969785814653799
-0.33999999999999997 1.097466465749612
-0.33899999999999997 1.0979479955960532
-0.33799999999999997 1.0984231840764553
-0.33699999999999997 1.0988920441688674
-0.33599999999999997 1.0993545887577942
-0.33499999999999996 1.0998108306343513
-0.33399999999999996 1.1002607824964106
-0.33299999999999996 1.1007044569487432
-0.33199999999999996 1.1011418665031505
-0.33099999999999996 1.101573023578594
-0.32999999999999996 1.1019979405013145
-0.32899999999999996 1.1024166295049462
-0.32799999999999996 1.1028291027306258
-0.32699999999999996 1.1032353722270904
-0.32599999999999996 1.103635449950772
-0.32499999999999996 1.1040293477658858
-0.32399999999999995 1.1044170774445086
-0.32299999999999995 1.104798650666653
-0.32199999999999995 1.1051740790203328
-0.32099999999999995 1.105543374001623
-0.31999999999999995 1.1059065470147105
-0.31899999999999995 1.106263609371941
-0.31799999999999995 1.1066145722938556
-0.31699999999999995 1.106959446909223
-0.31599999999999995 1.1072982442550607
-0.31499999999999995 1.1076309752766529
-0.31399999999999995 1.10795765082756
-0.31299999999999994 1.1082782816696177
-0.31199999999999994 1.1085928784729335
-0.31099999999999994 1.1089014518158713
-0.30999999999999994 1.1092040121850315
-0.30899999999999994 1.1095005699752214
-0.30799999999999994 1.1097911354894197
-0.30699999999999994 1.110075718938731
-0.30599999999999994 1.1103543304423342
-0.30499999999999994 1.1106269800274229
-0.30399999999999994 1.1108936776291365
-0.30299999999999994 1.1111544330904843
-0.30199999999999994 1.1114092561622608
-0.30099999999999993 1.1116581565029544
-0.29999999999999993 1.1119011436786435
-0.29899999999999993 1.1121382271628908
-0.29799999999999993 1.1123694163366218
-0.29699999999999993 1.112594720488001
-0.29600000000000004 1.1128141488122942
-0.29500000000000004 1.1130277104117265
-0.29400000000000004 1.113235414295328
-0.29300000000000004 1.1134372693787715
-0.29200000000000004 1.1136332844842016
-0.29100000000000004 1.113823468340056
-0.29000000000000004 1.1140078295808717
-0.28900000000000003 1.1141863767470896
-0.28800000000000003 1.1143591182848436
-0.28700000000000003 1.1145260625457418
-0.28600000000000003 1.1146872177866394
-0.28500000000000003 1.114842592169399
-0.28400000000000003 1.1149921937606422
-0.28300000000000003 1.1151360305314917
-0.28200000000000003 1.1152741103573007
-0.281 1.1154064410173745
-0.28 1.1155330301946789
-0.279 1.1156538854755393
-0.278 1.1157690143493293
-0.277 1.1158784242081456
-0.276 1.1159821223464748
-0.275 1.116080115960846
-0.274 1.1161724121494736
-0.273 1.1162590179118872
-0.272 1.1163399401485503
-0.271 1.1164151856604647
-0.27 1.1164847611487663
-0.269 1.1165486732143042
-0.268 1.1166069283572104
-0.267 1.1166595329764533
-0.266 1.1167064933693802
-0.265 1.1167478157312467
-0.264 1.1167835061547295
-0.263 1.1168135706294289
-0.262 1.116838015041354
-0.261 1.116856845172396
-0.26 1.116870066699785
-0.259 1.1168776851955338
-0.258 1.1168797061258633
-0.257 1.116876134850616
-0.256 1.1168669766226529
-0.255 1.1168522365872309
-0.254 1.11683191978137
-0.253 1.1168060311331984
-0.252 1.1167745754612834
-0.251 1.1167375574739455
-0.25 1.1166949817685514
-0.249 1.1166468528307947
-0.248 1.1165931750339526
-0.247 1.1165339526381284
-0.246 1.1164691897894718
-0.245 1.1163988905193825
-0.244 1.1163230587436912
-0.243 1.116241698261824
-0.242 1.1161548127559426
-0.241 1.1160624057900663
-0.24 1.1159644808091702
-0.239 1.1158610411382648
-0.238 1.1157520899814493
-0.237 1.1156376304209452
-0.236 1.1155176654161059
-0.235 1.1153921978024015
-0.23399999999999999 1.1152612302903804
-0.23299999999999998 1.1151247654646061
-0.23199999999999998 1.1149828057825684
-0.23099999999999998 1.1148353535735678
-0.22999999999999998 1.114682411037576
-0.22899999999999998 1.1145239802440663
-0.22799999999999998 1.1143600631308193
-0.22699999999999998 1.1141906615026973
-0.22599999999999998 1.1140157770303925
-0.22499999999999998 1.1138354112491449
-0.22399999999999998 1.1136495655574286
-0.22299999999999998 1.1134582412156089
-0.22199999999999998 1.1132614393445677
-0.22099999999999997 1.1130591609242944
-0.21999999999999997 1.1128514067924473
-0.21899999999999997 1.112638177642877
-0.21799999999999997 1.1124194740241193
-0.21699999999999997 1.1121952963378483
-0.21599999999999997 1.1119656448372974
-0.21499999999999997 1.1117305196256386
-0.21399999999999997 1.1114899206543283
-0.21299999999999997 1.1112438477214095
-0.21199999999999997 1.110992300469777
-0.21099999999999997 1.110735278385401
-0.20999999999999996 1.1104727807955075
-0.20899999999999996 1.1102048068667156
-0.20799999999999996 1.1099313556031334
-0.20699999999999996 1.109652425844404
-0.20599999999999996 1.1093680162637085
-0.20499999999999996 1.10907812536572
-0.20399999999999996 1.1087827514845088
-0.20299999999999996 1.1084818927813975
-0.20199999999999996 1.1081755472427641
-0.20099999999999996 1.1078637126777933
-0.19999999999999996 1.107546386716172
-0.19899999999999995 1.1072235668057302
-0.19799999999999995 1.1068952502100255
-0.19699999999999995 1.106561434005866
-0.19599999999999995 1.1062221150807758
-0.19499999999999995 1.105877290130397
-0.19399999999999995 1.1055269556558291
-0.19299999999999995 1.1051711079609008
-0.19199999999999995 1.104809743149377
-0.19099999999999995 1.1044428571220966
-0.18999999999999995 1.1040704455740356
-0.18899999999999995 1.1036925039913033
-0.18799999999999994 1.1033090276480573
-0.18699999999999994 1.1029200116033446
-0.18599999999999994 1.102525450697864
-0.18499999999999994 1.1021253395506416
-0.18399999999999994 1.1017196725556304
-0.18299999999999994 1.1013084438782141
-0.18199999999999994 1.1008916474516293
-0.18099999999999994 1.1004692769732904
-0.17999999999999994 1.1000413259010244
-0.17899999999999994 1.0996077874492047
-0.17799999999999994 1.0991686545847865
-0.17699999999999994 1.0987239200232382
-0.17599999999999993 1.098273576224366
-0.17499999999999993 1.0978176153880312
-0.17399999999999993 1.097356029449749
-0.17299999999999993 1.096888810076177
-0.17199999999999993 1.0964159486604772
-0.17099999999999993 1.09593743631756
-0.16999999999999993 1.095453263879194
-0.16899999999999993 1.0949634218889894
-0.16799999999999993 1.0944679005972393
-0.16700000000000004 1.093966689955626
-0.16600000000000004 1.0934597796117766
-0.16500000000000004 1.0929471589036734
-0.16400000000000003 1.0924288168539054
-0.16300000000000003 1.091904742163761
-0.16200000000000003 1.0913749232071563
-0.16100000000000003 1.0908393480243905
-0.16000000000000003 1.0902980043157262
-0.15900000000000003 1.0897508794347845
-0.15800000000000003 1.0891979603817552
-0.15700000000000003 1.0886392337964064
-0.15600000000000003 1.088074685950895
-0.15500000000000003 1.087504302742368
-0.15400000000000003 1.0869280696853452
-0.15300000000000002 1.0863459719038777
-0.15200000000000002 1.0857579941234765
-0.15100000000000002 1.0851641206627969
-0.15000000000000002 1.0845643354250774
-0.14900000000000002 1.0839586218893154
-0.14800000000000002 1.0833469631011805
-0.14700000000000002 1.0827293416636454
-0.14600000000000002 1.0821057397273321
-0.14500000000000002 1.0814761389805567
-0.14400000000000002 1.0808405206390663
-0.14300000000000002 1.0801988654354542
-0.14200000000000002 1.0795511536082378
-0.14100000000000001 1.078897364890596
-0.14 1.0782374784987392
-0.139 1.0775714731199106
-0.138 1.0768993268999958
-0.137 1.0762210174307294
-0.136 1.0755365217364794
-0.135 1.0748458162605974
-0.134 1.0741488768513103
-0.133 1.0734456787471414
-0.132 1.0727361965618374
-0.131 1.072020404268782
-0.13 1.0712982751848743
-0.129 1.0705697819538522
-0.128 1.0698348965290327
-0.127 1.0690935901554481
-0.126 1.0683458333513496
-0.125 1.0675915958890532
-0.124 1.0668308467750967
-0.123 1.0660635542296795
-0.122 1.0652896856653515
-0.121 1.0645092076649194
-0.12 1.0637220859585337
-0.119 1.062928285399919
-0.118 1.0621277699417087
-0.11699999999999999 1.061320502609844
-0.11599999999999999 1.0605064454769892
-0.11499999999999999 1.059685559634923
-0.11399999999999999 1.058857805165851
-0.11299999999999999 1.0580231411125922
-0.11199999999999999 1.057181525447582
-0.11099999999999999 1.056332915040637
-0.10999999999999999 1.0554772656254165
-0.10899999999999999 1.0546145317645197
-0.10799999999999998 1.053744666813147
-0.10699999999999998 1.0528676228812546
-0.10599999999999998 1.051983350794127
-0.10499999999999998 1.0510918000512786
-0.10399999999999998 1.0501929187836065
-0.10299999999999998 1.0492866537086971
-0.10199999999999998 1.0483729500841874
-0.10099999999999998 1.0474517516590796
-0.09999999999999998 1.046523000622899
-0.09899999999999998 1.04558663755257
-0.09799999999999998 1.0446426013568946
-0.09699999999999998 1.0436908292184885
-0.09599999999999997 1.0427312565330407
-0.09499999999999997 1.0417638168457344
-0.09399999999999997 1.0407884417846767
-0.09299999999999997 1.0398050609911509
-0.09199999999999997 1.038813602046512
-0.09099999999999997 1.0378139903955248
-0.08999999999999997 1.036806149265924
-0.08899999999999997 1.035789999583976
-0.08799999999999997 1.0347654598857876
-0.08699999999999997 1.0337324462240993
-0.08599999999999997 1.0326908720702817
-0.08499999999999996 1.031640648211224
-0.08399999999999996 1.0305816826407888
-0.08299999999999996 1.0295138804454755
-0.08199999999999996 1.0284371436839126
-0.08099999999999996 1.027351371259763
-0.07999999999999996 1.0262564587875975
-0.07899999999999996 1.025152298451254
-0.07799999999999996 1.0240387788541612
-0.07699999999999996 1.0229157848610593
-0.07599999999999996 1.0217831974305047
-0.07499999999999996 1.0206408934374964
-0.07399999999999995 1.0194887454854953
-0.07299999999999995 1.0183266217070541
-0.07199999999999995 1.0171543855521983
-0.07099999999999995 1.0159718955636239
-0.06999999999999995 1.0147790051376948
-0.06899999999999995 1.0135755622701201
-0.06799999999999995 1.0123614092850968
-0.06699999999999995 1.0111363825465791
-0.06599999999999995 1.0099003121502061
-0.06499999999999995 1.0086530215942842
-0.06399999999999995 1.0073943274280426
-0.06299999999999994 1.0061240388752208
-0.061999999999999944 1.0048419574308254
-0.06099999999999994 1.0035478764286831
-0.05999999999999994 1.0022415805771527
-0.05899999999999994 1.000922845460082
-0.05799999999999994 0.9995914369997612
-0.05699999999999994 0.9982471108782754
-0.05599999999999994 0.9968896119132364
-0.05499999999999994 0.9955186733834104
-0.05399999999999994 0.994134016299226
-0.052999999999999936 0.9927353486125466
-0.051999999999999935 0.9913223643593934
-0.050999999999999934 0.9898947427285203
-0.04999999999999993 0.9884521470478329
-0.04899999999999993 0.9869942236795983
-0.04799999999999993 0.9855206008141896
-0.04699999999999993 0.9840308871507187
-0.04599999999999993 0.982524670451289
-0.04499999999999993 0.9810015159537209
-0.04399999999999993 0.9794609646254139
-0.04299999999999993 0.9779025312384255
-0.041999999999999926 0.9763257022428353
-0.040999999999999925 0.9747299334118932
-0.040000000000000036 0.9731146472282352
-0.039000000000000035 0.9714792299754271
-0.038000000000000034 0.9698230284931247
-0.03700000000000003 0.9681453465469539
-0.03600000000000003 0.966445440755587
-0.03500000000000003 0.964722516007047
-0.03400000000000003 0.9629757202835666
-0.03300000000000003 0.9612041387988215
-0.03200000000000003 0.9594067873322812
-0.031000000000000028 0.9575826046218507
-0.030000000000000027 0.9557304436466605
-0.029000000000000026 0.953849061595152
-0.028000000000000025 0.9519371082673286
-0.027000000000000024 0.9499931126012415
-0.026000000000000023 0.9480154669385253
-0.025000000000000022 0.9460024085465752
-0.02400000000000002 0.9439519977883065
-0.02300000000000002 0.941862092163741
-0.02200000000000002 0.9397303152259897
-0.02100000000000002 0.9375540190760274
-0.020000000000000018 0.9353302387345679
-0.019000000000000017 0.9330556361288773
-0.018000000000000016 0.9307264306473382
-0.017000000000000015 0.9283383120972039
-0.016000000000000014 0.9258863302822218
-0.015000000000000013 0.9233647530250941
-0.014000000000000012 0.9207668808481541
-0.013000000000000012 0.9180848009367099
-0.01200000000000001 0.9153090541184838
-0.01100000000000001 0.9124281739964608
-0.010000000000000009 0.9094280325282595
-0.009000000000000008 0.906290882242154
-0.008000000000000007 0.9029939030131321
-0.007000000000000006 0.8995068984856474
-0.006000000000000005 0.8957884406574577
-0.0050000000000000044 0.8917789531572997
-0.0040000000000000036 0.8873871029938476
-0.0030000000000000027 0.882459322635153
-0.0020000000000000018 0.8766965414748604
