-0.999 0.09859917881418122
-0.998 0.13929094281029597
-0.997 0.17041299768870832
-0.996 0.19656487674340395
-0.995 0.2195302557940686
-0.994 0.2402249372652927
-0.993 0.2591935490416707
-0.992 0.2767913338756534
-0.991 0.29326531240586723
-0.99 0.3087955337317083
-0.989 0.32351806735471345
-0.988 0.33753873988753935
-0.987 0.3509418004566954
-0.986 0.363795631552831
-0.985 0.376156650856465
-0.984 0.3880720589105977
-0.983 0.39958182448068524
-0.982 0.41072015127611883
-0.981 0.4215165826615178
-0.98 0.43199684796499777
-0.979 0.4421835206624854
-0.978 0.4520965371808378
-0.977 0.4617536108011807
-0.976 0.47117056549152025
-0.975 0.4803616078354095
-0.974 0.48933955054282957
-0.973 0.4981159976877566
-0.972 0.5067014993958593
-0.971 0.5151056819280614
-0.97 0.5233373577841405
-0.969 0.5314046194568209
-0.968 0.5393149197117105
-0.967 0.5470751406889907
-0.966 0.554691653674056
-0.965 0.5621703710338669
-0.964 0.5695167915399004
-0.963 0.5767360400797921
-0.962 0.5838329025850062
-0.961 0.5908118568613847
-0.96 0.5976770998957636
-0.959 0.6044325721193703
-0.958 0.6110819790330344
-0.957 0.6176288105369945
-0.956 0.6240763582566297
-0.955 0.6304277311126933
-0.954 0.6366858693489719
-0.953 0.6428535572003964
-0.952 0.6489334343595006
-0.951 0.6549280063778717
-0.95 0.6608396541212371
-0.949 0.6666706423815038
-0.948 0.6724231277359876
-0.947 0.6780991657328623
-0.946 0.683700717472226
-0.945 0.6892296556438849
-0.944 0.6946877700757789
-0.943 0.7000767728407535
-0.942 0.7053983029639769
-0.941 0.7106539307685926
-0.94 0.7158451618930781
-0.9390000000000001 0.720973441010182
-0.938 0.7260401552741493
-0.937 0.7310466375201468
-0.9359999999999999 0.7359941692373835
-0.935 0.7408839833351998
-0.9339999999999999 0.7457172667195455
-0.933 0.7504951626954945
-0.9319999999999999 0.7552187732100064
-0.931 0.7598891609477224
-0.9299999999999999 0.7645073512914582
-0.929 0.7690743341579094
-0.9279999999999999 0.7735910657181981
-0.927 0.7780584700119563
-0.926 0.7824774404629389
-0.925 0.786848841303401
-0.924 0.7911735089139013
-0.923 0.7954522530845898
-0.922 0.7996858582035533
-0.921 0.8038750843773207
-0.92 0.808020668488211
-0.919 0.8121233251928377
-0.918 0.8161837478657308
-0.917 0.8202026094917282
-0.916 0.8241805635105068
-0.915 0.8281182446163613
-0.914 0.8320162695161034
-0.913 0.8358752376477374
-0.912 0.8396957318623751
-0.911 0.843478319071665
-0.91 0.8472235508628537
-0.909 0.8509319640834387
-0.908 0.8546040813972373
-0.907 0.8582404118135646
-0.906 0.861841451191101
-0.905 0.8654076827179138
-0.904 0.8689395773690064
-0.903 0.872437594342667
-0.902 0.8759021814768149
-0.901 0.879333775646451
-0.9 0.8827328031432591
-0.899 0.8860996800383272
-0.898 0.8894348125289034
-0.897 0.8927385972700363
-0.896 0.896011421691905
-0.895 0.8992536643035836
-0.894 0.902465694983949
-0.893 0.90564787526039
-0.892 0.9088005585759427
-0.891 0.9119240905454312
-0.89 0.9150188092011707
-0.889 0.9180850452287426
-0.888 0.9211231221933346
-0.887 0.9241333567571033
-0.886 0.9271160588879901
-0.885 0.9300715320604043
-0.884 0.9330000734481518
-0.883 0.9359019741099802
-0.882 0.9387775191680796
-0.881 0.941626987979868
-0.88 0.9444506543033644
-0.879 0.9472487864564456
-0.878 0.9500216474702587
-0.877 0.9527694952370518
-0.876 0.955492582652669
-0.875 0.9581911577539454
-0.874 0.9608654638512235
-0.873 0.9635157396562026
-0.872 0.9661422194053189
-0.871 0.9687451329788522
-0.87 0.9713247060159316
-0.869 0.973881160025619
-0.868 0.9764147124942302
-0.867 0.9789255769890475
-0.866 0.9814139632585763
-0.865 0.9838800773294809
-0.864 0.9863241216003351
-0.863 0.9887462949323191
-0.862 0.991146792736976
-0.861 0.9935258070611515
-0.86 0.9958835266692232
-0.859 0.9982201371227257
-0.858 1.0005358208574724
-0.857 1.002830757258268
-0.856 1.0051051227313075
-0.855 1.0073590907743446
-0.854 1.0095928320447158
-0.853 1.0118065144252995
-0.852 1.014000303088487
-0.851 1.0161743605582367
-0.85 1.0183288467702847
-0.849 1.0204639191305742
-0.848 1.0225797325719732
-0.847 1.0246764396093362
-0.846 1.0267541903929742
-0.845 1.028813132760584
-0.844 1.0308534122876956
-0.843 1.0328751723366847
-0.842 1.034878554104405
-0.841 1.0368636966684828
-0.84 1.0388307370323244
-0.839 1.0407798101688748
-0.838 1.0427110490631766
-0.837 1.0446245847537607
-0.836 1.0465205463729168
-0.835 1.0483990611858744
-0.834 1.0502602546289324
-0.833 1.0521042503465718
-0.832 1.0539311702275864
-0.831 1.0557411344402567
-0.83 1.0575342614666077
-0.829 1.0593106681357705
-0.828 1.061070469656482
-0.827 1.0628137796487491
-0.826 1.0645407101746986
-0.825 1.0662513717686486
-0.8240000000000001 1.0679458734664116
-0.823 1.0696243228338689
-0.8220000000000001 1.071286825994822
-0.821 1.0729334876581593
-0.8200000000000001 1.0745644111443435
-0.819 1.0761796984112548
-0.8180000000000001 1.0777794500793962
-0.817 1.07936376545649
-0.8160000000000001 1.0809327425614756
-0.815 1.082486478147935
-0.8140000000000001 1.0840250677269514
-0.813 1.0855486055894306
-0.812 1.0870571848278876
-0.8109999999999999 1.0885508973577263
-0.81 1.0900298339380154
-0.8089999999999999 1.0914940841917853
-0.808 1.0929437366258488
-0.8069999999999999 1.0943788786501716
-0.806 1.0957995965967915
-0.8049999999999999 1.097205975738313
-0.804 1.0985981003059742
-0.8029999999999999 1.0999760535073135
-0.802 1.101339917543433
-0.8009999999999999 1.10268977362588
-0.8 1.104025701993149
-0.7989999999999999 1.1053477819268238
-0.798 1.1066560917673567
-0.7969999999999999 1.10795070892951
-0.796 1.109231709917452
-0.7949999999999999 1.1104991703395344
-0.794 1.1117531649227403
-0.7929999999999999 1.1129937675268322
-0.792 1.1142210511581865
-0.791 1.1154350879833435
-0.79 1.116635949342262
-0.789 1.117823705761298
-0.788 1.1189984269659117
-0.787 1.1201601818931055
-0.786 1.1213090387036064
-0.785 1.1224450647937938
-0.784 1.1235683268073822
-0.783 1.124678890646865
-0.782 1.1257768214847217
-0.781 1.1268621837744002
-0.78 1.1279350412610751
-0.779 1.1289954569921878
-0.778 1.130043493327778
-0.777 1.1310792119506061
-0.776 1.1321026738760747
-0.775 1.1331139394619543
-0.774 1.1341130684179155
-0.773 1.1351001198148758
-0.772 1.136075152094162
-0.771 1.1370382230764944
-0.77 1.1379893899707965
-0.769 1.1389287093828353
-0.768 1.139856237323694
-0.767 1.1407720292180836
-0.766 1.141676139912494
-0.765 1.142568623683192
-0.764 1.1434495342440678
-0.763 1.1443189247543304
-0.762 1.145176847826063
-0.761 1.146023355531634
-0.76 1.1468584994109694
-0.759 1.1476823304786927
-0.758 1.1484948992311308
-0.757 1.1492962556531905
-0.756 1.1500864492251108
-0.755 1.1508655289290883
-0.754 1.1516335432557865
-0.753 1.152390540210722
-0.752 1.1531365673205385
-0.751 1.1538716716391664
-0.75 1.1545958997538723
-0.749 1.1553092977911992
-0.748 1.1560119114228025
-0.747 1.1567037858711808
-0.746 1.1573849659153055
-0.745 1.1580554958961513
-0.744 1.1587154197221308
-0.743 1.1593647808744296
-0.742 1.1600036224122543
-0.741 1.160631986977983
-0.74 1.161249916802232
-0.739 1.1618574537088302
-0.738 1.1624546391197104
-0.737 1.1630415140597163
-0.736 1.163618119161326
-0.735 1.1641844946692965
-0.734 1.1647406804452278
-0.733 1.1652867159720497
-0.732 1.1658226403584333
-0.731 1.1663484923431282
-0.73 1.1668643102992262
-0.729 1.1673701322383527
-0.728 1.1678659958147906
-0.727 1.1683519383295333
-0.726 1.16882799673427
-0.725 1.1692942076353077
-0.724 1.1697506072974246
-0.723 1.1701972316476636
-0.722 1.170634116279061
-0.721 1.171061296454315
-0.72 1.171478807109394
-0.719 1.1718866828570864
-0.718 1.1722849579904926
-0.717 1.172673666486459
-0.716 1.1730528420089597
-0.715 1.1734225179124196
-0.714 1.1737827272449868
-0.713 1.174133502751751
-0.712 1.1744748768779116
-0.7110000000000001 1.1748068817718935
-0.71 1.1751295492884146
-0.7090000000000001 1.1754429109915039
-0.708 1.175746998157471
-0.7070000000000001 1.1760418417778302
-0.706 1.1763274725621766
-0.7050000000000001 1.1766039209410177
-0.704 1.1768712170685598
-0.7030000000000001 1.1771293908254519
-0.702 1.177378471821485
-0.7010000000000001 1.177618489398249
-0.7 1.177849472631751
-0.6990000000000001 1.1780714503349876
-0.698 1.178284451060482
-0.6970000000000001 1.1784885031027785
-0.696 1.1786836345009006
-0.6950000000000001 1.1788698730407687
-0.694 1.1790472462575814
-0.6930000000000001 1.1792157814381603
-0.692 1.1793755056232582
-0.6910000000000001 1.1795264456098316
-0.69 1.1796686279532782
-0.6890000000000001 1.179802078969641
-0.688 1.179926824737776
-0.687 1.1800428911014895
-0.6859999999999999 1.1801503036716412
-0.685 1.1802490878282146
-0.6839999999999999 1.180339268722357
-0.683 1.180420871278388
-0.6819999999999999 1.180493920195775
-0.681 1.180558439951083
-0.6799999999999999 1.1806144547998907
-0.679 1.1806619887786791
-0.6779999999999999 1.180701065706691
-0.677 1.1807317091877616
-0.6759999999999999 1.1807539426121225
-0.675 1.180767789158178
-0.6739999999999999 1.180773271794252
-0.673 1.1807704132803123
-0.6719999999999999 1.1807592361696648
-0.671 1.1807397628106244
-0.6699999999999999 1.1807120153481594
-0.669 1.1806760157255118
-0.6679999999999999 1.1806317856857913
-0.667 1.1805793467735464
-0.6659999999999999 1.1805187203363108
-0.665 1.1804499275261269
-0.6639999999999999 1.1803729893010455
-0.663 1.1802879264266029
-0.6619999999999999 1.1801947594772746
-0.661 1.180093508837908
-0.6599999999999999 1.179984194705133
-0.659 1.179866837088749
-0.6579999999999999 1.1797414558130939
-0.657 1.1796080705183887
-0.6559999999999999 1.179466700662065
-0.655 1.179317365520067
-0.6539999999999999 1.1791600841881398
-0.653 1.1789948755830921
-0.6519999999999999 1.1788217584440421
-0.651 1.178640751333644
-0.6499999999999999 1.1784518726392947
-0.649 1.1782551405743216
-0.648 1.1780505731791524
-0.647 1.1778381883224665
-0.646 1.1776180037023276
-0.645 1.1773900368473005
-0.644 1.1771543051175455
-0.643 1.1769108257059022
-0.642 1.17665961563895
-0.641 1.176400691778056
-0.64 1.1761340708204027
-0.639 1.1758597693000012
-0.638 1.1755778035886888
-0.637 1.1752881898971073
-0.636 1.174990944275669
-0.635 1.1746860826155046
-0.634 1.1743736206493955
-0.633 1.174053573952693
-0.632 1.1737259579442192
-0.631 1.173390787887155
-0.63 1.173048078889913
-0.629 1.1726978459069946
-0.628 1.1723401037398338
-0.627 1.171974867037626
-0.626 1.1716021502981429
-0.625 1.1712219678685325
-0.624 1.1708343339461074
-0.623 1.170439262579117
-0.622 1.1700367676675063
-0.621 1.1696268629636637
-0.62 1.169209562073152
-0.619 1.1687848784554293
-0.618 1.168352825424555
-0.617 1.1679134161498834
-0.616 1.1674666636567448
-0.615 1.167012580827113
-0.614 1.1665511804002626
-0.613 1.1660824749734104
-0.612 1.1656064770023482
-0.611 1.1651231988020596
-0.61 1.1646326525473292
-0.609 1.164134850273335
-0.608 1.1636298038762336
-0.607 1.1631175251137298
-0.606 1.162598025605637
-0.605 1.1620713168344248
-0.604 1.161537410145757
-0.603 1.1609963167490147
-0.602 1.1604480477178127
-0.601 1.1598926139905006
-0.6 1.1593300263706556
-0.599 1.1587602955275638
-0.598 1.1581834319966884
-0.597 1.1575994461801316
-0.596 1.1570083483470803
-0.595 1.1564101486342462
-0.594 1.155804857046291
-0.593 1.1551924834562457
-0.592 1.1545730376059138
-0.591 1.1539465291062696
-0.59 1.1533129674378437
-0.589 1.152672361951097
-0.588 1.1520247218667874
-0.587 1.1513700562763245
-0.586 1.1507083741421154
-0.585 1.150039684297898
-0.584 1.149363995449069
-0.583 1.1486813161729974
-0.5820000000000001 1.1479916549193305
-0.581 1.1472950200102907
-0.5800000000000001 1.1465914196409606
-0.579 1.1458808618795595
-0.5780000000000001 1.1451633546677116
-0.577 1.1444389058207018
-0.5760000000000001 1.1437075230277247
-0.575 1.142969213852122
-0.5740000000000001 1.1422239857316125
-0.573 1.1414718459785105
-0.5720000000000001 1.1407128017799368
-0.571 1.139946860198019
-0.5700000000000001 1.1391740281700837
-0.569 1.1383943125088378
-0.5680000000000001 1.1376077199025432
-0.567 1.1368142569151782
-0.5660000000000001 1.1360139299865943
-0.565 1.135206745432661
-0.5640000000000001 1.1343927094454023
-0.563 1.1335718280931235
-0.562 1.1327441073205302
-0.5609999999999999 1.1319095529488368
-0.56 1.1310681706758678
-0.5589999999999999 1.130219966076147
-0.558 1.1293649446009812
-0.5569999999999999 1.1285031115785324
-0.556 1.1276344722138827
-0.5549999999999999 1.126759031589089
-0.554 1.1258767946632287
-0.5529999999999999 1.124987766272438
-0.552 1.1240919511299388
-0.5509999999999999 1.1231893538260598
-0.55 1.1222799788282454
-0.5489999999999999 1.1213638304810574
-0.548 1.120440913006168
-0.5469999999999999 1.1195112305023434
-0.546 1.118574786945418
-0.5449999999999999 1.1176315861882595
-0.544 1.1166816319607278
-0.5429999999999999 1.1157249278696197
-0.542 1.114761477398611
-0.5409999999999999 1.1137912839081832
-0.54 1.1128143506355468
-0.5389999999999999 1.1118306806945517
-0.538 1.110840277075591
-0.5369999999999999 1.109843142645493
-0.536 1.1088392801474096
-0.5349999999999999 1.1078286922006868
-0.534 1.1068113813007363
-0.5329999999999999 1.1057873498188897
-0.532 1.1047566000022484
-0.5309999999999999 1.1037191339735226
-0.53 1.1026749537308609
-0.5289999999999999 1.101624061147671
-0.528 1.1005664579724328
-0.5269999999999999 1.0995021458284984
-0.526 1.0984311262138875
-0.5249999999999999 1.0973534005010688
-0.524 1.096268969936736
-0.5229999999999999 1.0951778356415727
-0.522 1.0940799986100067
-0.5209999999999999 1.0929754597099572
-0.52 1.0918642196825705
-0.519 1.0907462791419476
-0.518 1.0896216385748612
-0.517 1.0884902983404627
-0.516 1.0873522586699813
-0.515 1.086207519666412
-0.514 1.0850560813041938
-0.513 1.0838979434288776
-0.512 1.0827331057567853
-0.511 1.0815615678746604
-0.51 1.0803833292393026
-0.509 1.0791983891772006
-0.508 1.0780067468841477
-0.507 1.0768084014248511
-0.506 1.0756033517325305
-0.505 1.0743915966085043
-0.504 1.073173134721768
-0.503 1.0719479646085603
-0.502 1.07071608467192
-0.501 1.069477493181231
-0.5 1.0682321882717574
-0.499 1.0669801679441677
-0.498 1.0657214300640492
-0.497 1.0644559723614067
-0.496 1.0631837924301595
-0.495 1.0619048877276165
-0.494 1.0606192555739478
-0.493 1.0593268931516437
-0.492 1.058027797504957
-0.491 1.0567219655393427
-0.49 1.0554093940208784
-0.489 1.0540900795756771
-0.488 1.0527640186892875
-0.487 1.051431207706081
-0.486 1.0500916428286302
-0.485 1.0487453201170707
-0.484 1.0473922354884542
-0.483 1.0460323847160886
-0.482 1.0446657634288645
-0.481 1.043292367110571
-0.48 1.0419121910991966
-0.479 1.0405252305862205
-0.478 1.039131480615887
-0.477 1.037730936084472
-0.476 1.0363235917395304
-0.475 1.0349094421791352
-0.474 1.0334884818511014
-0.473 1.0320607050521957
-0.472 1.0306261059273332
-0.471 1.0291846784687613
-0.47 1.0277364165152278
-0.469 1.026281313751135
-0.46799999999999997 1.0248193637056837
-0.46699999999999997 1.0233505597519947
-0.46599999999999997 1.021874895106224
-0.46499999999999997 1.0203923628266598
-0.46399999999999997 1.0189029558128022
-0.46299999999999997 1.017406666804433
-0.46199999999999997 1.0159034883806666
-0.46099999999999997 1.0143934129589862
-0.45999999999999996 1.0128764327942659
-0.45899999999999996 1.0113525399777754
-0.45799999999999996 1.0098217264361689
-0.45699999999999996 1.008283983930461
-0.45599999999999996 1.006739304054981
-0.45499999999999996 1.005187678236315
-0.45399999999999996 1.0036290977322297
-0.45299999999999996 1.0020635536305804
-0.45199999999999996 1.0004910368482
-0.45099999999999996 0.9989115381297724
-0.44999999999999996 0.9973250480466885
-0.44899999999999995 0.9957315569958839
-0.44799999999999995 0.9941310551986574
-0.44699999999999995 0.9925235326994758
-0.44599999999999995 0.9909089793647542
-0.44499999999999995 0.9892873848816235
-0.44399999999999995 0.9876587387566742
-0.44299999999999995 0.9860230303146866
-0.44199999999999995 0.9843802486973353
-0.44099999999999995 0.9827303828618807
-0.43999999999999995 0.9810734215798343
-0.43899999999999995 0.9794093534356112
-0.43799999999999994 0.9777381668251539
-0.43699999999999994 0.9760598499545442
-0.43599999999999994 0.9743743908385878
-0.43499999999999994 0.9726817772993795
-0.43399999999999994 0.970981996964851
-0.43299999999999994 0.9692750372672897
-0.43199999999999994 0.9675608854418415
-0.43099999999999994 0.9658395285249904
-0.42999999999999994 0.9641109533530123
-0.42899999999999994 0.96237514656041
-0.42799999999999994 0.9606320945783223
-0.42699999999999994 0.9588817836329119
-0.42599999999999993 0.9571241997437254
-0.42499999999999993 0.9553593287220358
-0.42399999999999993 0.953587156169153
-0.42300000000000004 0.9518076674747165
-0.42200000000000004 0.9500208478149562
-0.42100000000000004 0.9482266821509341
-0.42000000000000004 0.9464251552267559
-0.41900000000000004 0.9446162515677567
-0.41800000000000004 0.9427999554786628
-0.41700000000000004 0.9409762510417241
-0.41600000000000004 0.9391451221148177
-0.41500000000000004 0.9373065523295289
-0.41400000000000003 0.9354605250891979
-0.41300000000000003 0.9336070235669435
-0.41200000000000003 0.9317460307036538
-0.41100000000000003 0.9298775292059467
-0.41000000000000003 0.928001501544107
-0.40900000000000003 0.9261179299499847
-0.40800000000000003 0.9242267964148685
-0.40700000000000003 0.9223280826873265
-0.406 0.9204217702710131
-0.405 0.9185078404224474
-0.404 0.9165862741487553
-0.403 0.9146570522053805
-0.402 0.9127201550937633
-0.401 0.9107755630589799
-0.4 0.9088232560873544
-0.399 0.9068632139040277
-0.398 0.9048954159704979
-0.397 0.9029198414821182
-0.396 0.9009364693655625
-0.395 0.8989452782762521
-0.394 0.8969462465957416
-0.393 0.8949393524290693
-0.392 0.8929245736020697
-0.391 0.8909018876586408
-0.39 0.8888712718579751
-0.389 0.8868327031717483
-0.388 0.8847861582812668
-0.387 0.8827316135745698
-0.386 0.8806690451434926
-0.385 0.878598428780682
-0.384 0.8765197399765702
-0.383 0.8744329539163003
-0.382 0.8723380454766096
-0.381 0.870234989222662
-0.38 0.868123759404834
-0.379 0.8660043299554554
-0.378 0.863876674485496
-0.377 0.8617407662812057
-0.376 0.8595965783007025
-0.375 0.8574440831705081
-0.374 0.8552832531820325
-0.373 0.8531140602880036
-0.372 0.8509364760988449
-0.371 0.8487504718789922
-0.37 0.8465560185431639
-0.369 0.8443530866525626
-0.368 0.842141646411028
-0.367 0.8399216676611239
-0.366 0.8376931198801697
-0.365 0.8354559721762099
-0.364 0.8332101932839163
-0.363 0.8309557515604352
-0.362 0.8286926149811629
-0.361 0.8264207511354578
-0.36 0.8241401272222906
-0.359 0.8218507100458159
-0.358 0.8195524660108862
-0.357 0.8172453611184878
-0.356 0.8149293609611072
-0.355 0.812604430718027
-0.354 0.8102705351505428
-0.353 0.8079276385971088
-0.352 0.8055757049684058
-0.351 0.8032146977423281
-0.35 0.8008445799588926
-0.349 0.7984653142150674
-0.348 0.7960768626595182
-0.347 0.7936791869872659
-0.346 0.7912722484342652
-0.345 0.7888560077718914
-0.344 0.7864304253013372
-0.34299999999999997 0.7839954608479249
-0.34199999999999997 0.7815510737553208
-0.34099999999999997 0.7790972228796553
-0.33999999999999997 0.7766338665835529
-0.33899999999999997 0.774160962730057
-0.33799999999999997 0.771678468676464
-0.33699999999999997 0.7691863412680464
-0.33599999999999997 0.7666845368316819
-0.33499999999999996 0.7641730111693696
-0.33399999999999996 0.7616517195516461
-0.33299999999999996 0.7591206167108844
-0.33199999999999996 0.7565796568344901
-0.33099999999999996 0.7540287935579767
-0.32999999999999996 0.7514679799579304
-0.32899999999999996 0.7488971685448536
-0.32799999999999996 0.7463163112558884
-0.32699999999999996 0.7437253594474225
-0.32599999999999996 0.7411242638875623
-0.32499999999999996 0.7385129747484827
-0.32399999999999995 0.7358914415986494
-0.32299999999999995 0.7332596133949026
-0.32199999999999995 0.7306174384744109
-0.32099999999999995 0.727964864546484
-0.31999999999999995 0.7253018386842474
-0.31899999999999995 0.7226283073161703
-0.31799999999999995 0.7199442162174499
-0.31699999999999995 0.717249510501246
-0.31599999999999995 0.7145441346097621
-0.31499999999999995 0.7118280323051727
-0.31399999999999995 0.7091011466603889
-0.31299999999999994 0.7063634200496687
-0.31199999999999994 0.7036147941390507
-0.31099999999999994 0.7008552098766341
-0.30999999999999994 0.698084607482673
-0.30899999999999994 0.6953029264395032
-0.30799999999999994 0.6925101054812861
-0.30699999999999994 0.6897060825835735
-0.30599999999999994 0.6868907949526785
-0.30499999999999994 0.6840641790148647
-0.30399999999999994 0.68122617040533
-0.30299999999999994 0.6783767039570032
-0.30199999999999994 0.6755157136891273
-0.30099999999999993 0.672643132795639
-0.29999999999999993 0.6697588936333412
-0.29899999999999993 0.6668629277098463
-0.29799999999999993 0.6639551656713154
-0.29699999999999993 0.6610355372899561
-0.29600000000000004 0.6581039714512973
-0.29500000000000004 0.6551603961412266
-0.29400000000000004 0.6522047384327871
-0.29300000000000004 0.6492369244727272
-0.29200000000000004 0.6462568794677994
-0.29100000000000004 0.6432645276707967
-0.29000000000000004 0.640259792366338
-0.28900000000000003 0.6372425958563692
-0.28800000000000003 0.6342128594454028
-0.28700000000000003 0.6311705034254689
-0.28600000000000003 0.6281154470607802
-0.28500000000000003 0.625047608572103
-0.28400000000000003 0.6219669051208327
-0.28300000000000003 0.6188732527927523
-0.28200000000000003 0.6157665665814844
-0.281 0.6126467603716224
-0.28 0.6095137469215234
-0.279 0.6063674378457755
-0.278 0.6032077435973159
-0.277 0.6000345734491961
-0.276 0.5968478354759859
-0.275 0.5936474365348133
-0.274 0.5904332822460245
-0.273 0.5872052769734514
-0.272 0.5839633238042927
-0.271 0.5807073245285879
-0.27 0.5774371796182685
-0.269 0.5741527882057983
-0.268 0.5708540480623646
-0.267 0.5675408555756363
-0.266 0.5642131057270584
-0.265 0.5608706920686817
-0.264 0.5575135066995155
-0.263 0.5541414402413871
-0.262 0.550754381814299
-0.261 0.5473522190112785
-0.26 0.5439348378726895
-0.259 0.5405021228600075
-0.258 0.5370539568290491
-0.257 0.5335902210026184
-0.256 0.5301107949425834
-0.255 0.5266155565213511
-0.254 0.5231043818927286
-0.253 0.5195771454621603
-0.252 0.5160337198563225
-0.251 0.5124739758920491
-0.25 0.5088977825445931
-0.249 0.5053050069151812
-0.248 0.501695514197866
-0.247 0.49806916764563836
-0.246 0.4944258285357946
-0.245 0.4907653561345332
-0.244 0.4870876076607571
-0.243 0.48339243824906797
-0.242 0.4796797009119297
-0.241 0.47594924650096665
-0.24 0.4722009236673976
-0.239 0.4684345788215555
-0.238 0.46465005609148613
-0.237 0.4608471972805973
-0.236 0.4570258418243258
-0.235 0.45318582674579966
-0.23399999999999999 0.4493269866104753
-0.23299999999999998 0.4454491534797048
-0.23199999999999998 0.4415521568632179
-0.23099999999999998 0.43763582367048615
-0.22999999999999998 0.43369997816092754
-0.22899999999999998 0.42974444189293504
-0.22799999999999998 0.42576903367167895
-0.22699999999999998 0.42177356949566325
-0.22599999999999998 0.41775786250199365
-0.22499999999999998 0.41372172291031284
-0.22399999999999998 0.4096649579653826
-0.22299999999999998 0.40558737187825844
-0.22199999999999998 0.4014887657660168
-0.22099999999999997 0.3973689375900068
-0.21999999999999997 0.3932276820925612
-0.21899999999999997 0.3890647907321435
-0.21799999999999997 0.3848800516168669
-0.21699999999999997 0.3806732494363487
-0.21599999999999997 0.37644416539184455
-0.21499999999999997 0.37219257712461373
-0.21399999999999997 0.3679182586424543
-0.21299999999999997 0.3636209802443745
-0.21199999999999997 0.35930050844330974
-0.21099999999999997 0.35495660588685574
-0.20999999999999996 0.35058903127594643
-0.20899999999999996 0.3461975392814035
-0.20799999999999996 0.3417818804583084
-0.20699999999999996 0.3373418011581124
-0.20599999999999996 0.33287704343843527
-0.20499999999999996 0.3283873449704494
-0.20399999999999996 0.323872438943808
-0.20299999999999996 0.319332053969005
-0.20199999999999996 0.3147659139771166
-0.20099999999999996 0.3101737381168135
-0.19999999999999996 0.305555240648573
-0.19899999999999995 0.3009101308359935
-0.19799999999999995 0.2962381128341185
-0.19699999999999995 0.29153888557467067
-0.19599999999999995 0.2868121426480952
-0.19499999999999995 0.2820575721823074
-0.19399999999999995 0.27727485671803653
-0.19299999999999995 0.2724636730806457
-0.19199999999999995 0.2676236922483167
-0.19099999999999995 0.2627545792164715
-0.18999999999999995 0.25785599285831207
-0.18899999999999995 0.2529275857813239
-0.18799999999999994 0.2479690041796403
-0.18699999999999994 0.2429798876820849
-0.18599999999999994 0.23795986919577272
-0.18499999999999994 0.23290857474510063
-0.18399999999999994 0.2278256233059659
-0.18299999999999994 0.22271062663505126
-0.18199999999999994 0.21756318909399652
-0.18099999999999994 0.21238290746827204
-0.17999999999999994 0.20716937078056885
-0.17899999999999994 0.20192216009850872
-0.17799999999999994 0.19664084833646256
-0.17699999999999994 0.19132500005126374
-0.17599999999999993 0.18597417123159865
-0.17499999999999993 0.18058790908083533
-0.17399999999999993 0.17516575179303928
-0.17299999999999993 0.16970722832194585
-0.17199999999999993 0.16421185814259887
-0.17099999999999993 0.15867915100539143
-0.16999999999999993 0.15310860668221815
-0.16899999999999993 0.147499714704444
-0.16799999999999993 0.14185195409235873
-0.16700000000000004 0.13616479307580576
-0.16600000000000004 0.13043768880563156
-0.16500000000000004 0.12467008705559679
-0.16400000000000003 0.11886142191438132
-0.16300000000000003 0.11301111546728426
-0.16200000000000003 0.10711857746719833
-0.16100000000000003 0.10118320499445999
-0.16000000000000003 0.09520438210508753
-0.15900000000000003 0.08918147946696098
-0.15800000000000003 0.08311385398344617
-0.15700000000000003 0.0770008484039354
-0.15600000000000003 0.07084179092078358
-0.15500000000000003 0.06463599475205217
-0.15400000000000003 0.05838275770947521
-0.15300000000000002 0.0520813617510264
-0.15200000000000002 0.04573107251742892
-0.15100000000000002 0.039331138851919634
-0.15000000000000002 0.03288079230255325
-0.14900000000000002 0.026379246606277662
-0.14800000000000002 0.019825697154001176
-0.14700000000000002 0.013219320435797877
-0.14600000000000002 0.0065592734653929785
-0.14500000000000002 -0.00015530681701680926
-0.14400000000000002 -0.006925304164557056
-0.14300000000000002 -0.013751623667127566
-0.14200000000000002 -0.02063519241957512
-0.14100000000000001 -0.02757696021571321
-0.14 -0.03457790026940677
-0.139 -0.04163900996394565
-0.138 -0.04876131163106823
-0.137 -0.055945853360996
-0.136 -0.06319370984498185
-0.135 -0.07050598325191482
-0.134 -0.07788380414062279
-0.133 -0.08532833240960713
-0.132 -0.0928407582860532
-0.131 -0.10042230335603142
-0.13 -0.1080742216379651
-0.129 -0.11579780070149703
-0.128 -0.12359436283408431
-0.127 -0.13146526625771304
-0.126 -0.13941190639834322
-0.125 -0.14743571721075865
-0.124 -0.1555381725617645
-0.123 -0.1637207876747554
-0.122 -0.17198512063892468
-0.121 -0.1803327739865609
-0.12 -0.18876539634209943
-0.119 -0.1972846841468302
-0.118 -0.20589238346338934
-0.11699999999999999 -0.21459029186446332
-0.11599999999999999 -0.2233802604103824
-0.11499999999999999 -0.23226419572059376
-0.11399999999999999 -0.24124406214435645
-0.11299999999999999 -0.25032188403631306
-0.11199999999999999 -0.25949974814299803
-0.11099999999999999 -0.2687798061067376
-0.10999999999999999 -0.2781642770938412
-0.10899999999999999 -0.2876554505544656
-0.10799999999999998 -0.29725568912199374
-0.10699999999999998 -0.3069674316604053
-0.10599999999999998 -0.3167931964686147
-0.10499999999999998 -0.32673558465147867
-0.10399999999999998 -0.33679728366780315
-0.10299999999999998 -0.34698107106645504
-0.10199999999999998 -0.35728981842252183
-0.10099999999999998 -0.36772649548630654
-0.09999999999999998 -0.3782941745588958
-0.09899999999999998 -0.3889960351091225
-0.09799999999999998 -0.3998353686478274
-0.09699999999999998 -0.4108155838765686
-0.09599999999999997 -0.42194021212923727
-0.09499999999999997 -0.4332129131265531
-0.09399999999999997 -0.44463748106488943
-0.09299999999999997 -0.45621785106271917
-0.09199999999999997 -0.4679581059897697
-0.09099999999999997 -0.4798624837060823
-0.08999999999999997 -0.49193538474042475
-0.08899999999999997 -0.5041813804399118
-0.08799999999999997 -0.5166052216255342
-0.08699999999999997 -0.5292118477910661
-0.08599999999999997 -0.5420063968862966
-0.08499999999999996 -0.554994215728924
-0.08399999999999996 -0.5681808710935534
-0.08299999999999996 -0.5815721615304836
-0.08199999999999996 -0.5951741299718002
-0.08099999999999996 -0.6089930771876282
-0.07999999999999996 -0.6230355761611966
-0.07899999999999996 -0.6373084874578804
-0.07799999999999996 -0.6518189756706055
-0.07699999999999996 -0.6665745270319196
-0.07599999999999996 -0.6815829682919782
-0.07499999999999996 -0.6968524869714855
-0.07399999999999995 -0.7123916531097098
-0.07299999999999995 -0.7282094426398765
-0.07199999999999995 -0.7443152625380594
-0.07099999999999995 -0.7607189779069369
-0.06999999999999995 -0.7774309411730767
-0.06899999999999995 -0.7944620235956423
-0.06799999999999995 -0.8118236493061988
-0.06699999999999995 -0.82952783212371
-0.06599999999999995 -0.8475872154164371
-0.06499999999999995 -0.8660151153135823
-0.06399999999999995 -0.8848255676049107
-0.06299999999999994 -0.9040333787065032
-0.061999999999999944 -0.9236541811164241
-0.06099999999999994 -0.943704493835779
-0.05999999999999994 -0.9642017882898261
-0.05899999999999994 -0.9851645603513439
-0.05799999999999994 -1.006612409145927
-0.05699999999999994 -1.028566123407737
-0.05599999999999994 -1.051047776256646
-0.05499999999999994 -1.0740808293857018
-0.05399999999999994 -1.0976902477844999
-0.052999999999999936 -1.121902626282218
-0.051999999999999935 -1.1467463293782985
-0.050999999999999934 -1.1722516460431658
-0.04999999999999993 -1.1984509614223087
-0.04899999999999993 -1.2253789476710484
-0.04799999999999993 -1.253072776493171
-0.04699999999999993 -1.2815723563645927
-0.04599999999999993 -1.3109205979061733
-0.04499999999999993 -1.3411637114433224
-0.04399999999999993 -1.3723515414737069
-0.04299999999999993 -1.4045379435823464
-0.041999999999999926 -1.437781210325671
-0.040999999999999925 -1.4721445537908764
-0.040000000000000036 -1.5076966539714864
-0.039000000000000035 -1.544512283845395
-0.038000000000000034 -1.5826730241742386
-0.03700000000000003 -1.6222680836623975
-0.03600000000000003 -1.6633952433468433
-0.03500000000000003 -1.7061619481013672
-0.03400000000000003 -1.7506865731464452
-0.03300000000000003 -1.7970998997430798
-0.03200000000000003 -1.8455468421927725
-0.031000000000000028 -1.896188478369493
-0.030000000000000027 -1.9492044489513218
-0.029000000000000026 -2.00479580722138
-0.028000000000000025 -2.063188423033755
-0.027000000000000024 -2.1246370730422472
-0.026000000000000023 -2.189430387019832
-0.025000000000000022 -2.2578968705277616
-0.02400000000000002 -2.330412292300707
-0.02300000000000002 -2.40740881772342
-0.02200000000000002 -2.4893863983197466
-0.02100000000000002 -2.5769271071493707
-0.020000000000000018 -2.670713365550124
-0.019000000000000017 -2.7715513750877125
-0.018000000000000016 -2.880401608680106
-0.017000000000000015 -2.998419021275964
-0.016000000000000014 -3.12700686901804
-0.015000000000000013 -3.2678899397811554
-0.014000000000000012 -3.423216054878562
-0.013000000000000012 -3.5956997223312004
-0.01200000000000001 -3.7888303320785495
-0.01100000000000001 -4.007182235994989
-0.010000000000000009 -4.256891437601635
-0.009000000000000008 -4.546416234963479
-0.008000000000000007 -4.887806192865837
-0.007000000000000006 -5.298936931117058
-0.006000000000000005 -5.807720309596148
-0.0050000000000000044 -6.460753008932349
-0.0040000000000000036 -7.343261416469276
-0.0030000000000000027 -8.633302714153368
-0.0020000000000000018 -10.792135280325349
